100 10
0 1 2 3 4 5 6 7 8 9 10 11 12 13 14 15 16 17 18 19 20 21 22 23 24 25 26 27 28 29 30 31 32 33 34 35 36 37 38 39 40 41 42 43 44 45 46 47 48 49 50 51 52 53 54 55 56 57 58 59 60 61 62 63 64 65 66 67 68 69 70 71 72 73 74 75 76 77 78 79 80 81 82 83 84 85 86 87 88 89 90 91 92 93 94 95 96 97 98 99 100 101 102 103 104 105 106 107 108 109 110 111 112 113 114 115 116 117 118 119 120 121 122 123 124 125 126 127 128 129 130 131 132 133 134 135 136 137 138 139 140 141 142 143 144 145 146 147 148 149 150 151 152 153 154 155 156 157 158 159 160 161 162 163 164 165 166 167 168 169 170 171 172 173 174 175 176 177 178 179 180 181 182 183 184 185 186 187 188 189 190 191 192 193 194 195 196 197 198 199 200 201 202 203 204 205 206 207 208 209 210 211 212 213 214 215 216 217 218 219 220 221 222 223 224 225 226 227 228 229 230 231 232 233 234 235 236 237 238 239 240 241 242 243 244 245 246 247 248 249 250 251 252 253 254 255 256 257 258 259 260 261 262 263 264 265 266 267 268 269 270 271 272 273 274 275 276 277 278 279 280 281 282 283 284 285 286 287 288 289 290 291 292 293 294 295 296 297 298 299 300 301 302 303 304 305 306 307 308 309 310 311 312 313 314 315 316 317 318 319 320 321 322 323 324 325 326 327 328 329 330 331 332 333 334 335 336 337 338 339 340 341 342 343 344 345 346 347 348 349 350 351 352 353 354 355 356 357 358 359 360 361 362 363 364 365 366 367 368 369 370 371 372 373 374 375 376 377 378 379 380 381 382 383 384 385 386 387 388 389 390 391 392 393 394 395 396 397 398 399 400 401 402 403 404 405 406 407 408 409 410 411 412 413 414 415 416 417 418 419 420 421 422 423 424 425 426 427 428 429 430 431 432 433 434 435 436 437 438 439 440 441 442 443 444 445 446 447 448 449 450 451 452 453 454 455 456 457 458 459 460 461 462 463 464 465 466 467 468 469 470 471 472 473 474 475 476 477 478 479 480 481 482 483 484 485 486 487 488 489 490 491 492 493 494 495 496 497 498 499 500 501 502 503 504 505 506 507 508 509 510 511 512 513 514 515 516 517 518 519 520 521 522 523 524 525 526 527 528 529 530 531 532 533 534 535 536 537 538 539 540 541 542 543 544 545 546 547 548 549 550 551 552 553 554 555 556 557 558 559 560 561 562 563 564 565 566 567 568 569 570 571 572 573 574 575 576 577 578 579 580 581 582 583 584 585 586 587 588 589 590 591 592 593 594 595 596 597 598 599 600 601 602 603 604 605 606 607 608 609 610 611 612 613 614 615 616 617 618 619 620 621 622 623 624 625 626 627 628 629 630 631 632 633 634 635 636 637 638 639 640 641 642 643 644 645 646 647 648 649 650 651 652 653 654 655 656 657 658 659 660 661 662 663 664 665 666 667 668 669 670 671 672 673 674 675 676 677 678 679 680 681 682 683 684 685 686 687 688 689 690 691 692 693 694 695 696 697 698 699 700 701 702 703 704 705 706 707 708 709 710 711 712 713 714 715 716 717 718 719 720 721 722 723 724 725 726 727 728 729 730 731 732 733 734 735 736 737 738 739 740 741 742 743 744 745 746 747 748 749 750 751 752 753 754 755 756 757 758 759 760 761 762 763 764 765 766 767 768 769 770 771 772 773 774 775 776 777 778 779 780 781 782 783 784 785 786 787 788 789 790 791 792 793 794 795 796 797 798 799 800 801 802 803 804 805 806 807 808 809 810 811 812 813 814 815 816 817 818 819 820 821 822 823 824 825 826 827 828 829 830 831 832 833 834 835 836 837 838 839 840 841 842 843 844 845 846 847 848 849 850 851 852 853 854 855 856 857 858 859 860 861 862 863 864 865 866 867 868 869 870 871 872 873 874 875 876 877 878 879 880 881 882 883 884 885 886 887 888 889 890 891 892 893 894 895 896 897 898 899 900 901 902 903 904 905 906 907 908 909 910 911 912 913 914 915 916 917 918 919 920 921 922 923 924 925 926 927 928 929 930 931 932 933 934 935 936 937 938 939 940 941 942 943 944 945 946 947 948 949 950 951 952 953 954 955 956 957 958 959 960 961 962 963 964 965 966 967 968 969 970 971 972 973 974 975 976 977 978 979 980 981 982 983 984 985 986 987 988 989 990 991 992 993 994 995 996 997 998 999
1 0 2 999
2 0 1 3
3 0 2 4
4 0 3 5
5 0 4 6
6 0 5 7
7 0 6 8
8 0 7 9
9 0 8 10
10 0 9 11
11 0 10 12
12 0 11 13
13 0 12 14
14 0 13 15
15 0 14 16
16 0 15 17
17 0 16 18
18 0 17 19
19 0 18 20
20 0 19 21
21 0 20 22
22 0 21 23
23 0 22 24
24 0 23 25
25 0 24 26
26 0 25 27
27 0 26 28
28 0 27 29
29 0 28 30
30 0 29 31
31 0 30 32
32 0 31 33
33 0 32 34
34 0 33 35
35 0 34 36
36 0 35 37
37 0 36 38
38 0 37 39
39 0 38 40
40 0 39 41
41 0 40 42
42 0 41 43
43 0 42 44
44 0 43 45
45 0 44 46
46 0 45 47
47 0 46 48
48 0 47 49
49 0 48 50
50 0 49 51
51 0 50 52
52 0 51 53
53 0 52 54
54 0 53 55
55 0 54 56
56 0 55 57
57 0 56 58
58 0 57 59
59 0 58 60
60 0 59 61
61 0 60 62
62 0 61 63
63 0 62 64
64 0 63 65
65 0 64 66
66 0 65 67
67 0 66 68
68 0 67 69
69 0 68 70
70 0 69 71
71 0 70 72
72 0 71 73
73 0 72 74
74 0 73 75
75 0 74 76
76 0 75 77
77 0 76 78
78 0 77 79
79 0 78 80
80 0 79 81
81 0 80 82
82 0 81 83
83 0 82 84
84 0 83 85
85 0 84 86
86 0 85 87
87 0 86 88
88 0 87 89
89 0 88 90
90 0 89 91
91 0 90 92
92 0 91 93
93 0 92 94
94 0 93 95
95 0 94 96
96 0 95 97
97 0 96 98
98 0 97 99
99 0 98 100
100 0 99 101
101 0 100 102
102 0 101 103
103 0 102 104
104 0 103 105
105 0 104 106
106 0 105 107
107 0 106 108
108 0 107 109
109 0 108 110
110 0 109 111
111 0 110 112
112 0 111 113
113 0 112 114
114 0 113 115
115 0 114 116
116 0 115 117
117 0 116 118
118 0 117 119
119 0 118 120
120 0 119 121
121 0 120 122
122 0 121 123
123 0 122 124
124 0 123 125
125 0 124 126
126 0 125 127
127 0 126 128
128 0 127 129
129 0 128 130
130 0 129 131
131 0 130 132
132 0 131 133
133 0 132 134
134 0 133 135
135 0 134 136
136 0 135 137
137 0 136 138
138 0 137 139
139 0 138 140
140 0 139 141
141 0 140 142
142 0 141 143
143 0 142 144
144 0 143 145
145 0 144 146
146 0 145 147
147 0 146 148
148 0 147 149
149 0 148 150
150 0 149 151
151 0 150 152
152 0 151 153
153 0 152 154
154 0 153 155
155 0 154 156
156 0 155 157
157 0 156 158
158 0 157 159
159 0 158 160
160 0 159 161
161 0 160 162
162 0 161 163
163 0 162 164
164 0 163 165
165 0 164 166
166 0 165 167
167 0 166 168
168 0 167 169
169 0 168 170
170 0 169 171
171 0 170 172
172 0 171 173
173 0 172 174
174 0 173 175
175 0 174 176
176 0 175 177
177 0 176 178
178 0 177 179
179 0 178 180
180 0 179 181
181 0 180 182
182 0 181 183
183 0 182 184
184 0 183 185
185 0 184 186
186 0 185 187
187 0 186 188
188 0 187 189
189 0 188 190
190 0 189 191
191 0 190 192
192 0 191 193
193 0 192 194
194 0 193 195
195 0 194 196
196 0 195 197
197 0 196 198
198 0 197 199
199 0 198 200
200 0 199 201
201 0 200 202
202 0 201 203
203 0 202 204
204 0 203 205
205 0 204 206
206 0 205 207
207 0 206 208
208 0 207 209
209 0 208 210
210 0 209 211
211 0 210 212
212 0 211 213
213 0 212 214
214 0 213 215
215 0 214 216
216 0 215 217
217 0 216 218
218 0 217 219
219 0 218 220
220 0 219 221
221 0 220 222
222 0 221 223
223 0 222 224
224 0 223 225
225 0 224 226
226 0 225 227
227 0 226 228
228 0 227 229
229 0 228 230
230 0 229 231
231 0 230 232
232 0 231 233
233 0 232 234
234 0 233 235
235 0 234 236
236 0 235 237
237 0 236 238
238 0 237 239
239 0 238 240
240 0 239 241
241 0 240 242
242 0 241 243
243 0 242 244
244 0 243 245
245 0 244 246
246 0 245 247
247 0 246 248
248 0 247 249
249 0 248 250
250 0 249 251
251 0 250 252
252 0 251 253
253 0 252 254
254 0 253 255
255 0 254 256
256 0 255 257
257 0 256 258
258 0 257 259
259 0 258 260
260 0 259 261
261 0 260 262
262 0 261 263
263 0 262 264
264 0 263 265
265 0 264 266
266 0 265 267
267 0 266 268
268 0 267 269
269 0 268 270
270 0 269 271
271 0 270 272
272 0 271 273
273 0 272 274
274 0 273 275
275 0 274 276
276 0 275 277
277 0 276 278
278 0 277 279
279 0 278 280
280 0 279 281
281 0 280 282
282 0 281 283
283 0 282 284
284 0 283 285
285 0 284 286
286 0 285 287
287 0 286 288
288 0 287 289
289 0 288 290
290 0 289 291
291 0 290 292
292 0 291 293
293 0 292 294
294 0 293 295
295 0 294 296
296 0 295 297
297 0 296 298
298 0 297 299
299 0 298 300
300 0 299 301
301 0 300 302
302 0 301 303
303 0 302 304
304 0 303 305
305 0 304 306
306 0 305 307
307 0 306 308
308 0 307 309
309 0 308 310
310 0 309 311
311 0 310 312
312 0 311 313
313 0 312 314
314 0 313 315
315 0 314 316
316 0 315 317
317 0 316 318
318 0 317 319
319 0 318 320
320 0 319 321
321 0 320 322
322 0 321 323
323 0 322 324
324 0 323 325
325 0 324 326
326 0 325 327
327 0 326 328
328 0 327 329
329 0 328 330
330 0 329 331
331 0 330 332
332 0 331 333
333 0 332 334
334 0 333 335
335 0 334 336
336 0 335 337
337 0 336 338
338 0 337 339
339 0 338 340
340 0 339 341
341 0 340 342
342 0 341 343
343 0 342 344
344 0 343 345
345 0 344 346
346 0 345 347
347 0 346 348
348 0 347 349
349 0 348 350
350 0 349 351
351 0 350 352
352 0 351 353
353 0 352 354
354 0 353 355
355 0 354 356
356 0 355 357
357 0 356 358
358 0 357 359
359 0 358 360
360 0 359 361
361 0 360 362
362 0 361 363
363 0 362 364
364 0 363 365
365 0 364 366
366 0 365 367
367 0 366 368
368 0 367 369
369 0 368 370
370 0 369 371
371 0 370 372
372 0 371 373
373 0 372 374
374 0 373 375
375 0 374 376
376 0 375 377
377 0 376 378
378 0 377 379
379 0 378 380
380 0 379 381
381 0 380 382
382 0 381 383
383 0 382 384
384 0 383 385
385 0 384 386
386 0 385 387
387 0 386 388
388 0 387 389
389 0 388 390
390 0 389 391
391 0 390 392
392 0 391 393
393 0 392 394
394 0 393 395
395 0 394 396
396 0 395 397
397 0 396 398
398 0 397 399
399 0 398 400
400 0 399 401
401 0 400 402
402 0 401 403
403 0 402 404
404 0 403 405
405 0 404 406
406 0 405 407
407 0 406 408
408 0 407 409
409 0 408 410
410 0 409 411
411 0 410 412
412 0 411 413
413 0 412 414
414 0 413 415
415 0 414 416
416 0 415 417
417 0 416 418
418 0 417 419
419 0 418 420
420 0 419 421
421 0 420 422
422 0 421 423
423 0 422 424
424 0 423 425
425 0 424 426
426 0 425 427
427 0 426 428
428 0 427 429
429 0 428 430
430 0 429 431
431 0 430 432
432 0 431 433
433 0 432 434
434 0 433 435
435 0 434 436
436 0 435 437
437 0 436 438
438 0 437 439
439 0 438 440
440 0 439 441
441 0 440 442
442 0 441 443
443 0 442 444
444 0 443 445
445 0 444 446
446 0 445 447
447 0 446 448
448 0 447 449
449 0 448 450
450 0 449 451
451 0 450 452
452 0 451 453
453 0 452 454
454 0 453 455
455 0 454 456
456 0 455 457
457 0 456 458
458 0 457 459
459 0 458 460
460 0 459 461
461 0 460 462
462 0 461 463
463 0 462 464
464 0 463 465
465 0 464 466
466 0 465 467
467 0 466 468
468 0 467 469
469 0 468 470
470 0 469 471
471 0 470 472
472 0 471 473
473 0 472 474
474 0 473 475
475 0 474 476
476 0 475 477
477 0 476 478
478 0 477 479
479 0 478 480
480 0 479 481
481 0 480 482
482 0 481 483
483 0 482 484
484 0 483 485
485 0 484 486
486 0 485 487
487 0 486 488
488 0 487 489
489 0 488 490
490 0 489 491
491 0 490 492
492 0 491 493
493 0 492 494
494 0 493 495
495 0 494 496
496 0 495 497
497 0 496 498
498 0 497 499
499 0 498 500
500 0 499 501
501 0 500 502
502 0 501 503
503 0 502 504
504 0 503 505
505 0 504 506
506 0 505 507
507 0 506 508
508 0 507 509
509 0 508 510
510 0 509 511
511 0 510 512
512 0 511 513
513 0 512 514
514 0 513 515
515 0 514 516
516 0 515 517
517 0 516 518
518 0 517 519
519 0 518 520
520 0 519 521
521 0 520 522
522 0 521 523
523 0 522 524
524 0 523 525
525 0 524 526
526 0 525 527
527 0 526 528
528 0 527 529
529 0 528 530
530 0 529 531
531 0 530 532
532 0 531 533
533 0 532 534
534 0 533 535
535 0 534 536
536 0 535 537
537 0 536 538
538 0 537 539
539 0 538 540
540 0 539 541
541 0 540 542
542 0 541 543
543 0 542 544
544 0 543 545
545 0 544 546
546 0 545 547
547 0 546 548
548 0 547 549
549 0 548 550
550 0 549 551
551 0 550 552
552 0 551 553
553 0 552 554
554 0 553 555
555 0 554 556
556 0 555 557
557 0 556 558
558 0 557 559
559 0 558 560
560 0 559 561
561 0 560 562
562 0 561 563
563 0 562 564
564 0 563 565
565 0 564 566
566 0 565 567
567 0 566 568
568 0 567 569
569 0 568 570
570 0 569 571
571 0 570 572
572 0 571 573
573 0 572 574
574 0 573 575
575 0 574 576
576 0 575 577
577 0 576 578
578 0 577 579
579 0 578 580
580 0 579 581
581 0 580 582
582 0 581 583
583 0 582 584
584 0 583 585
585 0 584 586
586 0 585 587
587 0 586 588
588 0 587 589
589 0 588 590
590 0 589 591
591 0 590 592
592 0 591 593
593 0 592 594
594 0 593 595
595 0 594 596
596 0 595 597
597 0 596 598
598 0 597 599
599 0 598 600
600 0 599 601
601 0 600 602
602 0 601 603
603 0 602 604
604 0 603 605
605 0 604 606
606 0 605 607
607 0 606 608
608 0 607 609
609 0 608 610
610 0 609 611
611 0 610 612
612 0 611 613
613 0 612 614
614 0 613 615
615 0 614 616
616 0 615 617
617 0 616 618
618 0 617 619
619 0 618 620
620 0 619 621
621 0 620 622
622 0 621 623
623 0 622 624
624 0 623 625
625 0 624 626
626 0 625 627
627 0 626 628
628 0 627 629
629 0 628 630
630 0 629 631
631 0 630 632
632 0 631 633
633 0 632 634
634 0 633 635
635 0 634 636
636 0 635 637
637 0 636 638
638 0 637 639
639 0 638 640
640 0 639 641
641 0 640 642
642 0 641 643
643 0 642 644
644 0 643 645
645 0 644 646
646 0 645 647
647 0 646 648
648 0 647 649
649 0 648 650
650 0 649 651
651 0 650 652
652 0 651 653
653 0 652 654
654 0 653 655
655 0 654 656
656 0 655 657
657 0 656 658
658 0 657 659
659 0 658 660
660 0 659 661
661 0 660 662
662 0 661 663
663 0 662 664
664 0 663 665
665 0 664 666
666 0 665 667
667 0 666 668
668 0 667 669
669 0 668 670
670 0 669 671
671 0 670 672
672 0 671 673
673 0 672 674
674 0 673 675
675 0 674 676
676 0 675 677
677 0 676 678
678 0 677 679
679 0 678 680
680 0 679 681
681 0 680 682
682 0 681 683
683 0 682 684
684 0 683 685
685 0 684 686
686 0 685 687
687 0 686 688
688 0 687 689
689 0 688 690
690 0 689 691
691 0 690 692
692 0 691 693
693 0 692 694
694 0 693 695
695 0 694 696
696 0 695 697
697 0 696 698
698 0 697 699
699 0 698 700
700 0 699 701
701 0 700 702
702 0 701 703
703 0 702 704
704 0 703 705
705 0 704 706
706 0 705 707
707 0 706 708
708 0 707 709
709 0 708 710
710 0 709 711
711 0 710 712
712 0 711 713
713 0 712 714
714 0 713 715
715 0 714 716
716 0 715 717
717 0 716 718
718 0 717 719
719 0 718 720
720 0 719 721
721 0 720 722
722 0 721 723
723 0 722 724
724 0 723 725
725 0 724 726
726 0 725 727
727 0 726 728
728 0 727 729
729 0 728 730
730 0 729 731
731 0 730 732
732 0 731 733
733 0 732 734
734 0 733 735
735 0 734 736
736 0 735 737
737 0 736 738
738 0 737 739
739 0 738 740
740 0 739 741
741 0 740 742
742 0 741 743
743 0 742 744
744 0 743 745
745 0 744 746
746 0 745 747
747 0 746 748
748 0 747 749
749 0 748 750
750 0 749 751
751 0 750 752
752 0 751 753
753 0 752 754
754 0 753 755
755 0 754 756
756 0 755 757
757 0 756 758
758 0 757 759
759 0 758 760
760 0 759 761
761 0 760 762
762 0 761 763
763 0 762 764
764 0 763 765
765 0 764 766
766 0 765 767
767 0 766 768
768 0 767 769
769 0 768 770
770 0 769 771
771 0 770 772
772 0 771 773
773 0 772 774
774 0 773 775
775 0 774 776
776 0 775 777
777 0 776 778
778 0 777 779
779 0 778 780
780 0 779 781
781 0 780 782
782 0 781 783
783 0 782 784
784 0 783 785
785 0 784 786
786 0 785 787
787 0 786 788
788 0 787 789
789 0 788 790
790 0 789 791
791 0 790 792
792 0 791 793
793 0 792 794
794 0 793 795
795 0 794 796
796 0 795 797
797 0 796 798
798 0 797 799
799 0 798 800
800 0 799 801
801 0 800 802
802 0 801 803
803 0 802 804
804 0 803 805
805 0 804 806
806 0 805 807
807 0 806 808
808 0 807 809
809 0 808 810
810 0 809 811
811 0 810 812
812 0 811 813
813 0 812 814
814 0 813 815
815 0 814 816
816 0 815 817
817 0 816 818
818 0 817 819
819 0 818 820
820 0 819 821
821 0 820 822
822 0 821 823
823 0 822 824
824 0 823 825
825 0 824 826
826 0 825 827
827 0 826 828
828 0 827 829
829 0 828 830
830 0 829 831
831 0 830 832
832 0 831 833
833 0 832 834
834 0 833 835
835 0 834 836
836 0 835 837
837 0 836 838
838 0 837 839
839 0 838 840
840 0 839 841
841 0 840 842
842 0 841 843
843 0 842 844
844 0 843 845
845 0 844 846
846 0 845 847
847 0 846 848
848 0 847 849
849 0 848 850
850 0 849 851
851 0 850 852
852 0 851 853
853 0 852 854
854 0 853 855
855 0 854 856
856 0 855 857
857 0 856 858
858 0 857 859
859 0 858 860
860 0 859 861
861 0 860 862
862 0 861 863
863 0 862 864
864 0 863 865
865 0 864 866
866 0 865 867
867 0 866 868
868 0 867 869
869 0 868 870
870 0 869 871
871 0 870 872
872 0 871 873
873 0 872 874
874 0 873 875
875 0 874 876
876 0 875 877
877 0 876 878
878 0 877 879
879 0 878 880
880 0 879 881
881 0 880 882
882 0 881 883
883 0 882 884
884 0 883 885
885 0 884 886
886 0 885 887
887 0 886 888
888 0 887 889
889 0 888 890
890 0 889 891
891 0 890 892
892 0 891 893
893 0 892 894
894 0 893 895
895 0 894 896
896 0 895 897
897 0 896 898
898 0 897 899
899 0 898 900
900 0 899 901
901 0 900 902
902 0 901 903
903 0 902 904
904 0 903 905
905 0 904 906
906 0 905 907
907 0 906 908
908 0 907 909
909 0 908 910
910 0 909 911
911 0 910 912
912 0 911 913
913 0 912 914
914 0 913 915
915 0 914 916
916 0 915 917
917 0 916 918
918 0 917 919
919 0 918 920
920 0 919 921
921 0 920 922
922 0 921 923
923 0 922 924
924 0 923 925
925 0 924 926
926 0 925 927
927 0 926 928
928 0 927 929
929 0 928 930
930 0 929 931
931 0 930 932
932 0 931 933
933 0 932 934
934 0 933 935
935 0 934 936
936 0 935 937
937 0 936 938
938 0 937 939
939 0 938 940
940 0 939 941
941 0 940 942
942 0 941 943
943 0 942 944
944 0 943 945
945 0 944 946
946 0 945 947
947 0 946 948
948 0 947 949
949 0 948 950
950 0 949 951
951 0 950 952
952 0 951 953
953 0 952 954
954 0 953 955
955 0 954 956
956 0 955 957
957 0 956 958
958 0 957 959
959 0 958 960
960 0 959 961
961 0 960 962
962 0 961 963
963 0 962 964
964 0 963 965
965 0 964 966
966 0 965 967
967 0 966 968
968 0 967 969
969 0 968 970
970 0 969 971
971 0 970 972
972 0 971 973
973 0 972 974
974 0 973 975
975 0 974 976
976 0 975 977
977 0 976 978
978 0 977 979
979 0 978 980
980 0 979 981
981 0 980 982
982 0 981 983
983 0 982 984
984 0 983 985
985 0 984 986
986 0 985 987
987 0 986 988
988 0 987 989
989 0 988 990
990 0 989 991
991 0 990 992
992 0 991 993
993 0 992 994
994 0 993 995
995 0 994 996
996 0 995 997
997 0 996 998
998 0 997 999
999 0 998 1