100 10
0 1 2 3 4 5 6 7 8 9 10 11 12 13 14 15 16 17 18 19 20 21 22 23 24 25 26 27 28 29 30 31 32 33 34 35 36 37 38 39 40 41 42 43 44 45 46 47 48 49 50 51 52 53 54 55 56 57 58 59 60 61 62 63 64 65 66 67 68 69 70 71 72 73 74 75 76 77 78 79 80 81 82 83 84 85 86 87 88 89 90 91 92 93 94 95 96 97 98 99 100 101 102 103 104 105 106 107 108 109 110 111 112 113 114 115 116 117 118 119 120 121 122 123 124 125 126 127 128 129 130 131 132 133 134 135 136 137 138 139 140 141 142 143 144 145 146 147 148 149 150 151 152 153 154 155 156 157 158 159 160 161 162 163 164 165 166 167 168 169 170 171 172 173 174 175 176 177 178 179 180 181 182 183 184 185 186 187 188 189 190 191 192 193 194 195 196 197 198 199 200 201 202 203 204 205 206 207 208 209 210 211 212 213 214 215 216 217 218 219 220 221 222 223 224 225 226 227 228 229 230 231 232 233 234 235 236 237 238 239 240 241 242 243 244 245 246 247 248 249 250 251 252 253 254 255 256 257 258 259 260 261 262 263 264 265 266 267 268 269 270 271 272 273 274 275 276 277 278 279 280 281 282 283 284 285 286 287 288 289 290 291 292 293 294 295 296 297 298 299
1 0 2 299
2 0 1 3
3 0 2 4
4 0 3 5
5 0 4 6
6 0 5 7
7 0 6 8
8 0 7 9
9 0 8 10
10 0 9 11
11 0 10 12
12 0 11 13
13 0 12 14
14 0 13 15
15 0 14 16
16 0 15 17
17 0 16 18
18 0 17 19
19 0 18 20
20 0 19 21
21 0 20 22
22 0 21 23
23 0 22 24
24 0 23 25
25 0 24 26
26 0 25 27
27 0 26 28
28 0 27 29
29 0 28 30
30 0 29 31
31 0 30 32
32 0 31 33
33 0 32 34
34 0 33 35
35 0 34 36
36 0 35 37
37 0 36 38
38 0 37 39
39 0 38 40
40 0 39 41
41 0 40 42
42 0 41 43
43 0 42 44
44 0 43 45
45 0 44 46
46 0 45 47
47 0 46 48
48 0 47 49
49 0 48 50
50 0 49 51
51 0 50 52
52 0 51 53
53 0 52 54
54 0 53 55
55 0 54 56
56 0 55 57
57 0 56 58
58 0 57 59
59 0 58 60
60 0 59 61
61 0 60 62
62 0 61 63
63 0 62 64
64 0 63 65
65 0 64 66
66 0 65 67
67 0 66 68
68 0 67 69
69 0 68 70
70 0 69 71
71 0 70 72
72 0 71 73
73 0 72 74
74 0 73 75
75 0 74 76
76 0 75 77
77 0 76 78
78 0 77 79
79 0 78 80
80 0 79 81
81 0 80 82
82 0 81 83
83 0 82 84
84 0 83 85
85 0 84 86
86 0 85 87
87 0 86 88
88 0 87 89
89 0 88 90
90 0 89 91
91 0 90 92
92 0 91 93
93 0 92 94
94 0 93 95
95 0 94 96
96 0 95 97
97 0 96 98
98 0 97 99
99 0 98 100
100 0 99 101
101 0 100 102
102 0 101 103
103 0 102 104
104 0 103 105
105 0 104 106
106 0 105 107
107 0 106 108
108 0 107 109
109 0 108 110
110 0 109 111
111 0 110 112
112 0 111 113
113 0 112 114
114 0 113 115
115 0 114 116
116 0 115 117
117 0 116 118
118 0 117 119
119 0 118 120
120 0 119 121
121 0 120 122
122 0 121 123
123 0 122 124
124 0 123 125
125 0 124 126
126 0 125 127
127 0 126 128
128 0 127 129
129 0 128 130
130 0 129 131
131 0 130 132
132 0 131 133
133 0 132 134
134 0 133 135
135 0 134 136
136 0 135 137
137 0 136 138
138 0 137 139
139 0 138 140
140 0 139 141
141 0 140 142
142 0 141 143
143 0 142 144
144 0 143 145
145 0 144 146
146 0 145 147
147 0 146 148
148 0 147 149
149 0 148 150
150 0 149 151
151 0 150 152
152 0 151 153
153 0 152 154
154 0 153 155
155 0 154 156
156 0 155 157
157 0 156 158
158 0 157 159
159 0 158 160
160 0 159 161
161 0 160 162
162 0 161 163
163 0 162 164
164 0 163 165
165 0 164 166
166 0 165 167
167 0 166 168
168 0 167 169
169 0 168 170
170 0 169 171
171 0 170 172
172 0 171 173
173 0 172 174
174 0 173 175
175 0 174 176
176 0 175 177
177 0 176 178
178 0 177 179
179 0 178 180
180 0 179 181
181 0 180 182
182 0 181 183
183 0 182 184
184 0 183 185
185 0 184 186
186 0 185 187
187 0 186 188
188 0 187 189
189 0 188 190
190 0 189 191
191 0 190 192
192 0 191 193
193 0 192 194
194 0 193 195
195 0 194 196
196 0 195 197
197 0 196 198
198 0 197 199
199 0 198 200
200 0 199 201
201 0 200 202
202 0 201 203
203 0 202 204
204 0 203 205
205 0 204 206
206 0 205 207
207 0 206 208
208 0 207 209
209 0 208 210
210 0 209 211
211 0 210 212
212 0 211 213
213 0 212 214
214 0 213 215
215 0 214 216
216 0 215 217
217 0 216 218
218 0 217 219
219 0 218 220
220 0 219 221
221 0 220 222
222 0 221 223
223 0 222 224
224 0 223 225
225 0 224 226
226 0 225 227
227 0 226 228
228 0 227 229
229 0 228 230
230 0 229 231
231 0 230 232
232 0 231 233
233 0 232 234
234 0 233 235
235 0 234 236
236 0 235 237
237 0 236 238
238 0 237 239
239 0 238 240
240 0 239 241
241 0 240 242
242 0 241 243
243 0 242 244
244 0 243 245
245 0 244 246
246 0 245 247
247 0 246 248
248 0 247 249
249 0 248 250
250 0 249 251
251 0 250 252
252 0 251 253
253 0 252 254
254 0 253 255
255 0 254 256
256 0 255 257
257 0 256 258
258 0 257 259
259 0 258 260
260 0 259 261
261 0 260 262
262 0 261 263
263 0 262 264
264 0 263 265
265 0 264 266
266 0 265 267
267 0 266 268
268 0 267 269
269 0 268 270
270 0 269 271
271 0 270 272
272 0 271 273
273 0 272 274
274 0 273 275
275 0 274 276
276 0 275 277
277 0 276 278
278 0 277 279
279 0 278 280
280 0 279 281
281 0 280 282
282 0 281 283
283 0 282 284
284 0 283 285
285 0 284 286
286 0 285 287
287 0 286 288
288 0 287 289
289 0 288 290
290 0 289 291
291 0 290 292
292 0 291 293
293 0 292 294
294 0 293 295
295 0 294 296
296 0 295 297
297 0 296 298
298 0 297 299
299 0 298 1