100 10
0 1 2 3 4 5 6 7 8 9 10 11 12 13 14 15 16 17 18 19 20 21 22 23 24 25 26 27 28 29 30 31 32 33 34 35 36 37 38 39 40 41 42 43 44 45 46 47 48 49 50 51 52 53 54 55 56 57 58 59
1 0 2 59
2 0 1 3
3 0 2 4
4 0 3 5
5 0 4 6
6 0 5 7
7 0 6 8
8 0 7 9
9 0 8 10
10 0 9 11
11 0 10 12
12 0 11 13
13 0 12 14
14 0 13 15
15 0 14 16
16 0 15 17
17 0 16 18
18 0 17 19
19 0 18 20
20 0 19 21
21 0 20 22
22 0 21 23
23 0 22 24
24 0 23 25
25 0 24 26
26 0 25 27
27 0 26 28
28 0 27 29
29 0 28 30
30 0 29 31
31 0 30 32
32 0 31 33
33 0 32 34
34 0 33 35
35 0 34 36
36 0 35 37
37 0 36 38
38 0 37 39
39 0 38 40
40 0 39 41
41 0 40 42
42 0 41 43
43 0 42 44
44 0 43 45
45 0 44 46
46 0 45 47
47 0 46 48
48 0 47 49
49 0 48 50
50 0 49 51
51 0 50 52
52 0 51 53
53 0 52 54
54 0 53 55
55 0 54 56
56 0 55 57
57 0 56 58
58 0 57 59
59 0 58 1