100 10
0 128 64 32 16 8 4 2 1
1 0 129 65 33 17 9 5 3
2 0 130 66 34 18 10 6 3
3 1 2 131 67 35 19 11 7
4 0 132 68 36 20 12 6 5
5 1 4 133 69 37 21 13 7
6 2 4 134 70 38 22 14 7
7 3 5 6 135 71 39 23 15
8 0 136 72 40 24 12 10 9
9 1 8 137 73 41 25 13 11
10 2 8 138 74 42 26 14 11
11 3 9 10 139 75 43 27 15
12 4 8 140 76 44 28 14 13
13 5 9 12 141 77 45 29 15
14 6 10 12 142 78 46 30 15
15 7 11 13 14 143 79 47 31
16 0 144 80 48 24 20 18 17
17 1 16 145 81 49 25 21 19
18 2 16 146 82 50 26 22 19
19 3 17 18 147 83 51 27 23
20 4 16 148 84 52 28 22 21
21 5 17 20 149 85 53 29 23
22 6 18 20 150 86 54 30 23
23 7 19 21 22 151 87 55 31
24 8 16 152 88 56 28 26 25
25 9 17 24 153 89 57 29 27
26 10 18 24 154 90 58 30 27
27 11 19 25 26 155 91 59 31
28 12 20 24 156 92 60 30 29
29 13 21 25 28 157 93 61 31
30 14 22 26 28 158 94 62 31
31 15 23 27 29 30 159 95 63
32 0 160 96 48 40 36 34 33
33 1 32 161 97 49 41 37 35
34 2 32 162 98 50 42 38 35
35 3 33 34 163 99 51 43 39
36 4 32 164 100 52 44 38 37
37 5 33 36 165 101 53 45 39
38 6 34 36 166 102 54 46 39
39 7 35 37 38 167 103 55 47
40 8 32 168 104 56 44 42 41
41 9 33 40 169 105 57 45 43
42 10 34 40 170 106 58 46 43
43 11 35 41 42 171 107 59 47
44 12 36 40 172 108 60 46 45
45 13 37 41 44 173 109 61 47
46 14 38 42 44 174 110 62 47
47 15 39 43 45 46 175 111 63
48 16 32 176 112 56 52 50 49
49 17 33 48 177 113 57 53 51
50 18 34 48 178 114 58 54 51
51 19 35 49 50 179 115 59 55
52 20 36 48 180 116 60 54 53
53 21 37 49 52 181 117 61 55
54 22 38 50 52 182 118 62 55
55 23 39 51 53 54 183 119 63
56 24 40 48 184 120 60 58 57
57 25 41 49 56 185 121 61 59
58 26 42 50 56 186 122 62 59
59 27 43 51 57 58 187 123 63
60 28 44 52 56 188 124 62 61
61 29 45 53 57 60 189 125 63
62 30 46 54 58 60 190 126 63
63 31 47 55 59 61 62 191 127
64 0 192 96 80 72 68 66 65
65 1 64 193 97 81 73 69 67
66 2 64 194 98 82 74 70 67
67 3 65 66 195 99 83 75 71
68 4 64 196 100 84 76 70 69
69 5 65 68 197 101 85 77 71
70 6 66 68 198 102 86 78 71
71 7 67 69 70 199 103 87 79
72 8 64 200 104 88 76 74 73
73 9 65 72 201 105 89 77 75
74 10 66 72 202 106 90 78 75
75 11 67 73 74 203 107 91 79
76 12 68 72 204 108 92 78 77
77 13 69 73 76 205 109 93 79
78 14 70 74 76 206 110 94 79
79 15 71 75 77 78 207 111 95
80 16 64 208 112 88 84 82 81
81 17 65 80 209 113 89 85 83
82 18 66 80 210 114 90 86 83
83 19 67 81 82 211 115 91 87
84 20 68 80 212 116 92 86 85
85 21 69 81 84 213 117 93 87
86 22 70 82 84 214 118 94 87
87 23 71 83 85 86 215 119 95
88 24 72 80 216 120 92 90 89
89 25 73 81 88 217 121 93 91
90 26 74 82 88 218 122 94 91
91 27 75 83 89 90 219 123 95
92 28 76 84 88 220 124 94 93
93 29 77 85 89 92 221 125 95
94 30 78 86 90 92 222 126 95
95 31 79 87 91 93 94 223 127
96 32 64 224 112 104 100 98 97
97 33 65 96 225 113 105 101 99
98 34 66 96 226 114 106 102 99
99 35 67 97 98 227 115 107 103
100 36 68 96 228 116 108 102 101
101 37 69 97 100 229 117 109 103
102 38 70 98 100 230 118 110 103
103 39 71 99 101 102 231 119 111
104 40 72 96 232 120 108 106 105
105 41 73 97 104 233 121 109 107
106 42 74 98 104 234 122 110 107
107 43 75 99 105 106 235 123 111
108 44 76 100 104 236 124 110 109
109 45 77 101 105 108 237 125 111
110 46 78 102 106 108 238 126 111
111 47 79 103 107 109 110 239 127
112 48 80 96 240 120 116 114 113
113 49 81 97 112 241 121 117 115
114 50 82 98 112 242 122 118 115
115 51 83 99 113 114 243 123 119
116 52 84 100 112 244 124 118 117
117 53 85 101 113 116 245 125 119
118 54 86 102 114 116 246 126 119
119 55 87 103 115 117 118 247 127
120 56 88 104 112 248 124 122 121
121 57 89 105 113 120 249 125 123
122 58 90 106 114 120 250 126 123
123 59 91 107 115 121 122 251 127
124 60 92 108 116 120 252 126 125
125 61 93 109 117 121 124 253 127
126 62 94 110 118 122 124 254 127
127 63 95 111 119 123 125 126 255
128 0 192 160 144 136 132 130 129
129 1 128 193 161 145 137 133 131
130 2 128 194 162 146 138 134 131
131 3 129 130 195 163 147 139 135
132 4 128 196 164 148 140 134 133
133 5 129 132 197 165 149 141 135
134 6 130 132 198 166 150 142 135
135 7 131 133 134 199 167 151 143
136 8 128 200 168 152 140 138 137
137 9 129 136 201 169 153 141 139
138 10 130 136 202 170 154 142 139
139 11 131 137 138 203 171 155 143
140 12 132 136 204 172 156 142 141
141 13 133 137 140 205 173 157 143
142 14 134 138 140 206 174 158 143
143 15 135 139 141 142 207 175 159
144 16 128 208 176 152 148 146 145
145 17 129 144 209 177 153 149 147
146 18 130 144 210 178 154 150 147
147 19 131 145 146 211 179 155 151
148 20 132 144 212 180 156 150 149
149 21 133 145 148 213 181 157 151
150 22 134 146 148 214 182 158 151
151 23 135 147 149 150 215 183 159
152 24 136 144 216 184 156 154 153
153 25 137 145 152 217 185 157 155
154 26 138 146 152 218 186 158 155
155 27 139 147 153 154 219 187 159
156 28 140 148 152 220 188 158 157
157 29 141 149 153 156 221 189 159
158 30 142 150 154 156 222 190 159
159 31 143 151 155 157 158 223 191
160 32 128 224 176 168 164 162 161
161 33 129 160 225 177 169 165 163
162 34 130 160 226 178 170 166 163
163 35 131 161 162 227 179 171 167
164 36 132 160 228 180 172 166 165
165 37 133 161 164 229 181 173 167
166 38 134 162 164 230 182 174 167
167 39 135 163 165 166 231 183 175
168 40 136 160 232 184 172 170 169
169 41 137 161 168 233 185 173 171
170 42 138 162 168 234 186 174 171
171 43 139 163 169 170 235 187 175
172 44 140 164 168 236 188 174 173
173 45 141 165 169 172 237 189 175
174 46 142 166 170 172 238 190 175
175 47 143 167 171 173 174 239 191
176 48 144 160 240 184 180 178 177
177 49 145 161 176 241 185 181 179
178 50 146 162 176 242 186 182 179
179 51 147 163 177 178 243 187 183
180 52 148 164 176 244 188 182 181
181 53 149 165 177 180 245 189 183
182 54 150 166 178 180 246 190 183
183 55 151 167 179 181 182 247 191
184 56 152 168 176 248 188 186 185
185 57 153 169 177 184 249 189 187
186 58 154 170 178 184 250 190 187
187 59 155 171 179 185 186 251 191
188 60 156 172 180 184 252 190 189
189 61 157 173 181 185 188 253 191
190 62 158 174 182 186 188 254 191
191 63 159 175 183 187 189 190 255
192 64 128 224 208 200 196 194 193
193 65 129 192 225 209 201 197 195
194 66 130 192 226 210 202 198 195
195 67 131 193 194 227 211 203 199
196 68 132 192 228 212 204 198 197
197 69 133 193 196 229 213 205 199
198 70 134 194 196 230 214 206 199
199 71 135 195 197 198 231 215 207
200 72 136 192 232 216 204 202 201
201 73 137 193 200 233 217 205 203
202 74 138 194 200 234 218 206 203
203 75 139 195 201 202 235 219 207
204 76 140 196 200 236 220 206 205
205 77 141 197 201 204 237 221 207
206 78 142 198 202 204 238 222 207
207 79 143 199 203 205 206 239 223
208 80 144 192 240 216 212 210 209
209 81 145 193 208 241 217 213 211
210 82 146 194 208 242 218 214 211
211 83 147 195 209 210 243 219 215
212 84 148 196 208 244 220 214 213
213 85 149 197 209 212 245 221 215
214 86 150 198 210 212 246 222 215
215 87 151 199 211 213 214 247 223
216 88 152 200 208 248 220 218 217
217 89 153 201 209 216 249 221 219
218 90 154 202 210 216 250 222 219
219 91 155 203 211 217 218 251 223
220 92 156 204 212 216 252 222 221
221 93 157 205 213 217 220 253 223
222 94 158 206 214 218 220 254 223
223 95 159 207 215 219 221 222 255
224 96 160 192 240 232 228 226 225
225 97 161 193 224 241 233 229 227
226 98 162 194 224 242 234 230 227
227 99 163 195 225 226 243 235 231
228 100 164 196 224 244 236 230 229
229 101 165 197 225 228 245 237 231
230 102 166 198 226 228 246 238 231
231 103 167 199 227 229 230 247 239
232 104 168 200 224 248 236 234 233
233 105 169 201 225 232 249 237 235
234 106 170 202 226 232 250 238 235
235 107 171 203 227 233 234 251 239
236 108 172 204 228 232 252 238 237
237 109 173 205 229 233 236 253 239
238 110 174 206 230 234 236 254 239
239 111 175 207 231 235 237 238 255
240 112 176 208 224 248 244 242 241
241 113 177 209 225 240 249 245 243
242 114 178 210 226 240 250 246 243
243 115 179 211 227 241 242 251 247
244 116 180 212 228 240 252 246 245
245 117 181 213 229 241 244 253 247
246 118 182 214 230 242 244 254 247
247 119 183 215 231 243 245 246 255
248 120 184 216 232 240 252 250 249
249 121 185 217 233 241 248 253 251
250 122 186 218 234 242 248 254 251
251 123 187 219 235 243 249 250 255
252 124 188 220 236 244 248 254 253
253 125 189 221 237 245 249 252 255
254 126 190 222 238 246 250 252 255
255 127 191 223 239 247 251 253 254