100 10
0 64 32 16 8 4 2 1
1 0 65 33 17 9 5 3
2 0 66 34 18 10 6 3
3 1 2 67 35 19 11 7
4 0 68 36 20 12 6 5
5 1 4 69 37 21 13 7
6 2 4 70 38 22 14 7
7 3 5 6 71 39 23 15
8 0 72 40 24 12 10 9
9 1 8 73 41 25 13 11
10 2 8 74 42 26 14 11
11 3 9 10 75 43 27 15
12 4 8 76 44 28 14 13
13 5 9 12 77 45 29 15
14 6 10 12 78 46 30 15
15 7 11 13 14 79 47 31
16 0 80 48 24 20 18 17
17 1 16 81 49 25 21 19
18 2 16 82 50 26 22 19
19 3 17 18 83 51 27 23
20 4 16 84 52 28 22 21
21 5 17 20 85 53 29 23
22 6 18 20 86 54 30 23
23 7 19 21 22 87 55 31
24 8 16 88 56 28 26 25
25 9 17 24 89 57 29 27
26 10 18 24 90 58 30 27
27 11 19 25 26 91 59 31
28 12 20 24 92 60 30 29
29 13 21 25 28 93 61 31
30 14 22 26 28 94 62 31
31 15 23 27 29 30 95 63
32 0 96 48 40 36 34 33
33 1 32 97 49 41 37 35
34 2 32 98 50 42 38 35
35 3 33 34 99 51 43 39
36 4 32 100 52 44 38 37
37 5 33 36 101 53 45 39
38 6 34 36 102 54 46 39
39 7 35 37 38 103 55 47
40 8 32 104 56 44 42 41
41 9 33 40 105 57 45 43
42 10 34 40 106 58 46 43
43 11 35 41 42 107 59 47
44 12 36 40 108 60 46 45
45 13 37 41 44 109 61 47
46 14 38 42 44 110 62 47
47 15 39 43 45 46 111 63
48 16 32 112 56 52 50 49
49 17 33 48 113 57 53 51
50 18 34 48 114 58 54 51
51 19 35 49 50 115 59 55
52 20 36 48 116 60 54 53
53 21 37 49 52 117 61 55
54 22 38 50 52 118 62 55
55 23 39 51 53 54 119 63
56 24 40 48 120 60 58 57
57 25 41 49 56 121 61 59
58 26 42 50 56 122 62 59
59 27 43 51 57 58 123 63
60 28 44 52 56 124 62 61
61 29 45 53 57 60 125 63
62 30 46 54 58 60 126 63
63 31 47 55 59 61 62 127
64 0 96 80 72 68 66 65
65 1 64 97 81 73 69 67
66 2 64 98 82 74 70 67
67 3 65 66 99 83 75 71
68 4 64 100 84 76 70 69
69 5 65 68 101 85 77 71
70 6 66 68 102 86 78 71
71 7 67 69 70 103 87 79
72 8 64 104 88 76 74 73
73 9 65 72 105 89 77 75
74 10 66 72 106 90 78 75
75 11 67 73 74 107 91 79
76 12 68 72 108 92 78 77
77 13 69 73 76 109 93 79
78 14 70 74 76 110 94 79
79 15 71 75 77 78 111 95
80 16 64 112 88 84 82 81
81 17 65 80 113 89 85 83
82 18 66 80 114 90 86 83
83 19 67 81 82 115 91 87
84 20 68 80 116 92 86 85
85 21 69 81 84 117 93 87
86 22 70 82 84 118 94 87
87 23 71 83 85 86 119 95
88 24 72 80 120 92 90 89
89 25 73 81 88 121 93 91
90 26 74 82 88 122 94 91
91 27 75 83 89 90 123 95
92 28 76 84 88 124 94 93
93 29 77 85 89 92 125 95
94 30 78 86 90 92 126 95
95 31 79 87 91 93 94 127
96 32 64 112 104 100 98 97
97 33 65 96 113 105 101 99
98 34 66 96 114 106 102 99
99 35 67 97 98 115 107 103
100 36 68 96 116 108 102 101
101 37 69 97 100 117 109 103
102 38 70 98 100 118 110 103
103 39 71 99 101 102 119 111
104 40 72 96 120 108 106 105
105 41 73 97 104 121 109 107
106 42 74 98 104 122 110 107
107 43 75 99 105 106 123 111
108 44 76 100 104 124 110 109
109 45 77 101 105 108 125 111
110 46 78 102 106 108 126 111
111 47 79 103 107 109 110 127
112 48 80 96 120 116 114 113
113 49 81 97 112 121 117 115
114 50 82 98 112 122 118 115
115 51 83 99 113 114 123 119
116 52 84 100 112 124 118 117
117 53 85 101 113 116 125 119
118 54 86 102 114 116 126 119
119 55 87 103 115 117 118 127
120 56 88 104 112 124 122 121
121 57 89 105 113 120 125 123
122 58 90 106 114 120 126 123
123 59 91 107 115 121 122 127
124 60 92 108 116 120 126 125
125 61 93 109 117 121 124 127
126 62 94 110 118 122 124 127
127 63 95 111 119 123 125 126