100 10
0 256 128 64 32 16 8 4 2 1
1 0 257 129 65 33 17 9 5 3
2 0 258 130 66 34 18 10 6 3
3 1 2 259 131 67 35 19 11 7
4 0 260 132 68 36 20 12 6 5
5 1 4 261 133 69 37 21 13 7
6 2 4 262 134 70 38 22 14 7
7 3 5 6 263 135 71 39 23 15
8 0 264 136 72 40 24 12 10 9
9 1 8 265 137 73 41 25 13 11
10 2 8 266 138 74 42 26 14 11
11 3 9 10 267 139 75 43 27 15
12 4 8 268 140 76 44 28 14 13
13 5 9 12 269 141 77 45 29 15
14 6 10 12 270 142 78 46 30 15
15 7 11 13 14 271 143 79 47 31
16 0 272 144 80 48 24 20 18 17
17 1 16 273 145 81 49 25 21 19
18 2 16 274 146 82 50 26 22 19
19 3 17 18 275 147 83 51 27 23
20 4 16 276 148 84 52 28 22 21
21 5 17 20 277 149 85 53 29 23
22 6 18 20 278 150 86 54 30 23
23 7 19 21 22 279 151 87 55 31
24 8 16 280 152 88 56 28 26 25
25 9 17 24 281 153 89 57 29 27
26 10 18 24 282 154 90 58 30 27
27 11 19 25 26 283 155 91 59 31
28 12 20 24 284 156 92 60 30 29
29 13 21 25 28 285 157 93 61 31
30 14 22 26 28 286 158 94 62 31
31 15 23 27 29 30 287 159 95 63
32 0 288 160 96 48 40 36 34 33
33 1 32 289 161 97 49 41 37 35
34 2 32 290 162 98 50 42 38 35
35 3 33 34 291 163 99 51 43 39
36 4 32 292 164 100 52 44 38 37
37 5 33 36 293 165 101 53 45 39
38 6 34 36 294 166 102 54 46 39
39 7 35 37 38 295 167 103 55 47
40 8 32 296 168 104 56 44 42 41
41 9 33 40 297 169 105 57 45 43
42 10 34 40 298 170 106 58 46 43
43 11 35 41 42 299 171 107 59 47
44 12 36 40 300 172 108 60 46 45
45 13 37 41 44 301 173 109 61 47
46 14 38 42 44 302 174 110 62 47
47 15 39 43 45 46 303 175 111 63
48 16 32 304 176 112 56 52 50 49
49 17 33 48 305 177 113 57 53 51
50 18 34 48 306 178 114 58 54 51
51 19 35 49 50 307 179 115 59 55
52 20 36 48 308 180 116 60 54 53
53 21 37 49 52 309 181 117 61 55
54 22 38 50 52 310 182 118 62 55
55 23 39 51 53 54 311 183 119 63
56 24 40 48 312 184 120 60 58 57
57 25 41 49 56 313 185 121 61 59
58 26 42 50 56 314 186 122 62 59
59 27 43 51 57 58 315 187 123 63
60 28 44 52 56 316 188 124 62 61
61 29 45 53 57 60 317 189 125 63
62 30 46 54 58 60 318 190 126 63
63 31 47 55 59 61 62 319 191 127
64 0 320 192 96 80 72 68 66 65
65 1 64 321 193 97 81 73 69 67
66 2 64 322 194 98 82 74 70 67
67 3 65 66 323 195 99 83 75 71
68 4 64 324 196 100 84 76 70 69
69 5 65 68 325 197 101 85 77 71
70 6 66 68 326 198 102 86 78 71
71 7 67 69 70 327 199 103 87 79
72 8 64 328 200 104 88 76 74 73
73 9 65 72 329 201 105 89 77 75
74 10 66 72 330 202 106 90 78 75
75 11 67 73 74 331 203 107 91 79
76 12 68 72 332 204 108 92 78 77
77 13 69 73 76 333 205 109 93 79
78 14 70 74 76 334 206 110 94 79
79 15 71 75 77 78 335 207 111 95
80 16 64 336 208 112 88 84 82 81
81 17 65 80 337 209 113 89 85 83
82 18 66 80 338 210 114 90 86 83
83 19 67 81 82 339 211 115 91 87
84 20 68 80 340 212 116 92 86 85
85 21 69 81 84 341 213 117 93 87
86 22 70 82 84 342 214 118 94 87
87 23 71 83 85 86 343 215 119 95
88 24 72 80 344 216 120 92 90 89
89 25 73 81 88 345 217 121 93 91
90 26 74 82 88 346 218 122 94 91
91 27 75 83 89 90 347 219 123 95
92 28 76 84 88 348 220 124 94 93
93 29 77 85 89 92 349 221 125 95
94 30 78 86 90 92 350 222 126 95
95 31 79 87 91 93 94 351 223 127
96 32 64 352 224 112 104 100 98 97
97 33 65 96 353 225 113 105 101 99
98 34 66 96 354 226 114 106 102 99
99 35 67 97 98 355 227 115 107 103
100 36 68 96 356 228 116 108 102 101
101 37 69 97 100 357 229 117 109 103
102 38 70 98 100 358 230 118 110 103
103 39 71 99 101 102 359 231 119 111
104 40 72 96 360 232 120 108 106 105
105 41 73 97 104 361 233 121 109 107
106 42 74 98 104 362 234 122 110 107
107 43 75 99 105 106 363 235 123 111
108 44 76 100 104 364 236 124 110 109
109 45 77 101 105 108 365 237 125 111
110 46 78 102 106 108 366 238 126 111
111 47 79 103 107 109 110 367 239 127
112 48 80 96 368 240 120 116 114 113
113 49 81 97 112 369 241 121 117 115
114 50 82 98 112 370 242 122 118 115
115 51 83 99 113 114 371 243 123 119
116 52 84 100 112 372 244 124 118 117
117 53 85 101 113 116 373 245 125 119
118 54 86 102 114 116 374 246 126 119
119 55 87 103 115 117 118 375 247 127
120 56 88 104 112 376 248 124 122 121
121 57 89 105 113 120 377 249 125 123
122 58 90 106 114 120 378 250 126 123
123 59 91 107 115 121 122 379 251 127
124 60 92 108 116 120 380 252 126 125
125 61 93 109 117 121 124 381 253 127
126 62 94 110 118 122 124 382 254 127
127 63 95 111 119 123 125 126 383 255
128 0 384 192 160 144 136 132 130 129
129 1 128 385 193 161 145 137 133 131
130 2 128 386 194 162 146 138 134 131
131 3 129 130 387 195 163 147 139 135
132 4 128 388 196 164 148 140 134 133
133 5 129 132 389 197 165 149 141 135
134 6 130 132 390 198 166 150 142 135
135 7 131 133 134 391 199 167 151 143
136 8 128 392 200 168 152 140 138 137
137 9 129 136 393 201 169 153 141 139
138 10 130 136 394 202 170 154 142 139
139 11 131 137 138 395 203 171 155 143
140 12 132 136 396 204 172 156 142 141
141 13 133 137 140 397 205 173 157 143
142 14 134 138 140 398 206 174 158 143
143 15 135 139 141 142 399 207 175 159
144 16 128 400 208 176 152 148 146 145
145 17 129 144 401 209 177 153 149 147
146 18 130 144 402 210 178 154 150 147
147 19 131 145 146 403 211 179 155 151
148 20 132 144 404 212 180 156 150 149
149 21 133 145 148 405 213 181 157 151
150 22 134 146 148 406 214 182 158 151
151 23 135 147 149 150 407 215 183 159
152 24 136 144 408 216 184 156 154 153
153 25 137 145 152 409 217 185 157 155
154 26 138 146 152 410 218 186 158 155
155 27 139 147 153 154 411 219 187 159
156 28 140 148 152 412 220 188 158 157
157 29 141 149 153 156 413 221 189 159
158 30 142 150 154 156 414 222 190 159
159 31 143 151 155 157 158 415 223 191
160 32 128 416 224 176 168 164 162 161
161 33 129 160 417 225 177 169 165 163
162 34 130 160 418 226 178 170 166 163
163 35 131 161 162 419 227 179 171 167
164 36 132 160 420 228 180 172 166 165
165 37 133 161 164 421 229 181 173 167
166 38 134 162 164 422 230 182 174 167
167 39 135 163 165 166 423 231 183 175
168 40 136 160 424 232 184 172 170 169
169 41 137 161 168 425 233 185 173 171
170 42 138 162 168 426 234 186 174 171
171 43 139 163 169 170 427 235 187 175
172 44 140 164 168 428 236 188 174 173
173 45 141 165 169 172 429 237 189 175
174 46 142 166 170 172 430 238 190 175
175 47 143 167 171 173 174 431 239 191
176 48 144 160 432 240 184 180 178 177
177 49 145 161 176 433 241 185 181 179
178 50 146 162 176 434 242 186 182 179
179 51 147 163 177 178 435 243 187 183
180 52 148 164 176 436 244 188 182 181
181 53 149 165 177 180 437 245 189 183
182 54 150 166 178 180 438 246 190 183
183 55 151 167 179 181 182 439 247 191
184 56 152 168 176 440 248 188 186 185
185 57 153 169 177 184 441 249 189 187
186 58 154 170 178 184 442 250 190 187
187 59 155 171 179 185 186 443 251 191
188 60 156 172 180 184 444 252 190 189
189 61 157 173 181 185 188 445 253 191
190 62 158 174 182 186 188 446 254 191
191 63 159 175 183 187 189 190 447 255
192 64 128 448 224 208 200 196 194 193
193 65 129 192 449 225 209 201 197 195
194 66 130 192 450 226 210 202 198 195
195 67 131 193 194 451 227 211 203 199
196 68 132 192 452 228 212 204 198 197
197 69 133 193 196 453 229 213 205 199
198 70 134 194 196 454 230 214 206 199
199 71 135 195 197 198 455 231 215 207
200 72 136 192 456 232 216 204 202 201
201 73 137 193 200 457 233 217 205 203
202 74 138 194 200 458 234 218 206 203
203 75 139 195 201 202 459 235 219 207
204 76 140 196 200 460 236 220 206 205
205 77 141 197 201 204 461 237 221 207
206 78 142 198 202 204 462 238 222 207
207 79 143 199 203 205 206 463 239 223
208 80 144 192 464 240 216 212 210 209
209 81 145 193 208 465 241 217 213 211
210 82 146 194 208 466 242 218 214 211
211 83 147 195 209 210 467 243 219 215
212 84 148 196 208 468 244 220 214 213
213 85 149 197 209 212 469 245 221 215
214 86 150 198 210 212 470 246 222 215
215 87 151 199 211 213 214 471 247 223
216 88 152 200 208 472 248 220 218 217
217 89 153 201 209 216 473 249 221 219
218 90 154 202 210 216 474 250 222 219
219 91 155 203 211 217 218 475 251 223
220 92 156 204 212 216 476 252 222 221
221 93 157 205 213 217 220 477 253 223
222 94 158 206 214 218 220 478 254 223
223 95 159 207 215 219 221 222 479 255
224 96 160 192 480 240 232 228 226 225
225 97 161 193 224 481 241 233 229 227
226 98 162 194 224 482 242 234 230 227
227 99 163 195 225 226 483 243 235 231
228 100 164 196 224 484 244 236 230 229
229 101 165 197 225 228 485 245 237 231
230 102 166 198 226 228 486 246 238 231
231 103 167 199 227 229 230 487 247 239
232 104 168 200 224 488 248 236 234 233
233 105 169 201 225 232 489 249 237 235
234 106 170 202 226 232 490 250 238 235
235 107 171 203 227 233 234 491 251 239
236 108 172 204 228 232 492 252 238 237
237 109 173 205 229 233 236 493 253 239
238 110 174 206 230 234 236 494 254 239
239 111 175 207 231 235 237 238 495 255
240 112 176 208 224 496 248 244 242 241
241 113 177 209 225 240 497 249 245 243
242 114 178 210 226 240 498 250 246 243
243 115 179 211 227 241 242 499 251 247
244 116 180 212 228 240 500 252 246 245
245 117 181 213 229 241 244 501 253 247
246 118 182 214 230 242 244 502 254 247
247 119 183 215 231 243 245 246 503 255
248 120 184 216 232 240 504 252 250 249
249 121 185 217 233 241 248 505 253 251
250 122 186 218 234 242 248 506 254 251
251 123 187 219 235 243 249 250 507 255
252 124 188 220 236 244 248 508 254 253
253 125 189 221 237 245 249 252 509 255
254 126 190 222 238 246 250 252 510 255
255 127 191 223 239 247 251 253 254 511
256 0 384 320 288 272 264 260 258 257
257 1 256 385 321 289 273 265 261 259
258 2 256 386 322 290 274 266 262 259
259 3 257 258 387 323 291 275 267 263
260 4 256 388 324 292 276 268 262 261
261 5 257 260 389 325 293 277 269 263
262 6 258 260 390 326 294 278 270 263
263 7 259 261 262 391 327 295 279 271
264 8 256 392 328 296 280 268 266 265
265 9 257 264 393 329 297 281 269 267
266 10 258 264 394 330 298 282 270 267
267 11 259 265 266 395 331 299 283 271
268 12 260 264 396 332 300 284 270 269
269 13 261 265 268 397 333 301 285 271
270 14 262 266 268 398 334 302 286 271
271 15 263 267 269 270 399 335 303 287
272 16 256 400 336 304 280 276 274 273
273 17 257 272 401 337 305 281 277 275
274 18 258 272 402 338 306 282 278 275
275 19 259 273 274 403 339 307 283 279
276 20 260 272 404 340 308 284 278 277
277 21 261 273 276 405 341 309 285 279
278 22 262 274 276 406 342 310 286 279
279 23 263 275 277 278 407 343 311 287
280 24 264 272 408 344 312 284 282 281
281 25 265 273 280 409 345 313 285 283
282 26 266 274 280 410 346 314 286 283
283 27 267 275 281 282 411 347 315 287
284 28 268 276 280 412 348 316 286 285
285 29 269 277 281 284 413 349 317 287
286 30 270 278 282 284 414 350 318 287
287 31 271 279 283 285 286 415 351 319
288 32 256 416 352 304 296 292 290 289
289 33 257 288 417 353 305 297 293 291
290 34 258 288 418 354 306 298 294 291
291 35 259 289 290 419 355 307 299 295
292 36 260 288 420 356 308 300 294 293
293 37 261 289 292 421 357 309 301 295
294 38 262 290 292 422 358 310 302 295
295 39 263 291 293 294 423 359 311 303
296 40 264 288 424 360 312 300 298 297
297 41 265 289 296 425 361 313 301 299
298 42 266 290 296 426 362 314 302 299
299 43 267 291 297 298 427 363 315 303
300 44 268 292 296 428 364 316 302 301
301 45 269 293 297 300 429 365 317 303
302 46 270 294 298 300 430 366 318 303
303 47 271 295 299 301 302 431 367 319
304 48 272 288 432 368 312 308 306 305
305 49 273 289 304 433 369 313 309 307
306 50 274 290 304 434 370 314 310 307
307 51 275 291 305 306 435 371 315 311
308 52 276 292 304 436 372 316 310 309
309 53 277 293 305 308 437 373 317 311
310 54 278 294 306 308 438 374 318 311
311 55 279 295 307 309 310 439 375 319
312 56 280 296 304 440 376 316 314 313
313 57 281 297 305 312 441 377 317 315
314 58 282 298 306 312 442 378 318 315
315 59 283 299 307 313 314 443 379 319
316 60 284 300 308 312 444 380 318 317
317 61 285 301 309 313 316 445 381 319
318 62 286 302 310 314 316 446 382 319
319 63 287 303 311 315 317 318 447 383
320 64 256 448 352 336 328 324 322 321
321 65 257 320 449 353 337 329 325 323
322 66 258 320 450 354 338 330 326 323
323 67 259 321 322 451 355 339 331 327
324 68 260 320 452 356 340 332 326 325
325 69 261 321 324 453 357 341 333 327
326 70 262 322 324 454 358 342 334 327
327 71 263 323 325 326 455 359 343 335
328 72 264 320 456 360 344 332 330 329
329 73 265 321 328 457 361 345 333 331
330 74 266 322 328 458 362 346 334 331
331 75 267 323 329 330 459 363 347 335
332 76 268 324 328 460 364 348 334 333
333 77 269 325 329 332 461 365 349 335
334 78 270 326 330 332 462 366 350 335
335 79 271 327 331 333 334 463 367 351
336 80 272 320 464 368 344 340 338 337
337 81 273 321 336 465 369 345 341 339
338 82 274 322 336 466 370 346 342 339
339 83 275 323 337 338 467 371 347 343
340 84 276 324 336 468 372 348 342 341
341 85 277 325 337 340 469 373 349 343
342 86 278 326 338 340 470 374 350 343
343 87 279 327 339 341 342 471 375 351
344 88 280 328 336 472 376 348 346 345
345 89 281 329 337 344 473 377 349 347
346 90 282 330 338 344 474 378 350 347
347 91 283 331 339 345 346 475 379 351
348 92 284 332 340 344 476 380 350 349
349 93 285 333 341 345 348 477 381 351
350 94 286 334 342 346 348 478 382 351
351 95 287 335 343 347 349 350 479 383
352 96 288 320 480 368 360 356 354 353
353 97 289 321 352 481 369 361 357 355
354 98 290 322 352 482 370 362 358 355
355 99 291 323 353 354 483 371 363 359
356 100 292 324 352 484 372 364 358 357
357 101 293 325 353 356 485 373 365 359
358 102 294 326 354 356 486 374 366 359
359 103 295 327 355 357 358 487 375 367
360 104 296 328 352 488 376 364 362 361
361 105 297 329 353 360 489 377 365 363
362 106 298 330 354 360 490 378 366 363
363 107 299 331 355 361 362 491 379 367
364 108 300 332 356 360 492 380 366 365
365 109 301 333 357 361 364 493 381 367
366 110 302 334 358 362 364 494 382 367
367 111 303 335 359 363 365 366 495 383
368 112 304 336 352 496 376 372 370 369
369 113 305 337 353 368 497 377 373 371
370 114 306 338 354 368 498 378 374 371
371 115 307 339 355 369 370 499 379 375
372 116 308 340 356 368 500 380 374 373
373 117 309 341 357 369 372 501 381 375
374 118 310 342 358 370 372 502 382 375
375 119 311 343 359 371 373 374 503 383
376 120 312 344 360 368 504 380 378 377
377 121 313 345 361 369 376 505 381 379
378 122 314 346 362 370 376 506 382 379
379 123 315 347 363 371 377 378 507 383
380 124 316 348 364 372 376 508 382 381
381 125 317 349 365 373 377 380 509 383
382 126 318 350 366 374 378 380 510 383
383 127 319 351 367 375 379 381 382 511
384 128 256 448 416 400 392 388 386 385
385 129 257 384 449 417 401 393 389 387
386 130 258 384 450 418 402 394 390 387
387 131 259 385 386 451 419 403 395 391
388 132 260 384 452 420 404 396 390 389
389 133 261 385 388 453 421 405 397 391
390 134 262 386 388 454 422 406 398 391
391 135 263 387 389 390 455 423 407 399
392 136 264 384 456 424 408 396 394 393
393 137 265 385 392 457 425 409 397 395
394 138 266 386 392 458 426 410 398 395
395 139 267 387 393 394 459 427 411 399
396 140 268 388 392 460 428 412 398 397
397 141 269 389 393 396 461 429 413 399
398 142 270 390 394 396 462 430 414 399
399 143 271 391 395 397 398 463 431 415
400 144 272 384 464 432 408 404 402 401
401 145 273 385 400 465 433 409 405 403
402 146 274 386 400 466 434 410 406 403
403 147 275 387 401 402 467 435 411 407
404 148 276 388 400 468 436 412 406 405
405 149 277 389 401 404 469 437 413 407
406 150 278 390 402 404 470 438 414 407
407 151 279 391 403 405 406 471 439 415
408 152 280 392 400 472 440 412 410 409
409 153 281 393 401 408 473 441 413 411
410 154 282 394 402 408 474 442 414 411
411 155 283 395 403 409 410 475 443 415
412 156 284 396 404 408 476 444 414 413
413 157 285 397 405 409 412 477 445 415
414 158 286 398 406 410 412 478 446 415
415 159 287 399 407 411 413 414 479 447
416 160 288 384 480 432 424 420 418 417
417 161 289 385 416 481 433 425 421 419
418 162 290 386 416 482 434 426 422 419
419 163 291 387 417 418 483 435 427 423
420 164 292 388 416 484 436 428 422 421
421 165 293 389 417 420 485 437 429 423
422 166 294 390 418 420 486 438 430 423
423 167 295 391 419 421 422 487 439 431
424 168 296 392 416 488 440 428 426 425
425 169 297 393 417 424 489 441 429 427
426 170 298 394 418 424 490 442 430 427
427 171 299 395 419 425 426 491 443 431
428 172 300 396 420 424 492 444 430 429
429 173 301 397 421 425 428 493 445 431
430 174 302 398 422 426 428 494 446 431
431 175 303 399 423 427 429 430 495 447
432 176 304 400 416 496 440 436 434 433
433 177 305 401 417 432 497 441 437 435
434 178 306 402 418 432 498 442 438 435
435 179 307 403 419 433 434 499 443 439
436 180 308 404 420 432 500 444 438 437
437 181 309 405 421 433 436 501 445 439
438 182 310 406 422 434 436 502 446 439
439 183 311 407 423 435 437 438 503 447
440 184 312 408 424 432 504 444 442 441
441 185 313 409 425 433 440 505 445 443
442 186 314 410 426 434 440 506 446 443
443 187 315 411 427 435 441 442 507 447
444 188 316 412 428 436 440 508 446 445
445 189 317 413 429 437 441 444 509 447
446 190 318 414 430 438 442 444 510 447
447 191 319 415 431 439 443 445 446 511
448 192 320 384 480 464 456 452 450 449
449 193 321 385 448 481 465 457 453 451
450 194 322 386 448 482 466 458 454 451
451 195 323 387 449 450 483 467 459 455
452 196 324 388 448 484 468 460 454 453
453 197 325 389 449 452 485 469 461 455
454 198 326 390 450 452 486 470 462 455
455 199 327 391 451 453 454 487 471 463
456 200 328 392 448 488 472 460 458 457
457 201 329 393 449 456 489 473 461 459
458 202 330 394 450 456 490 474 462 459
459 203 331 395 451 457 458 491 475 463
460 204 332 396 452 456 492 476 462 461
461 205 333 397 453 457 460 493 477 463
462 206 334 398 454 458 460 494 478 463
463 207 335 399 455 459 461 462 495 479
464 208 336 400 448 496 472 468 466 465
465 209 337 401 449 464 497 473 469 467
466 210 338 402 450 464 498 474 470 467
467 211 339 403 451 465 466 499 475 471
468 212 340 404 452 464 500 476 470 469
469 213 341 405 453 465 468 501 477 471
470 214 342 406 454 466 468 502 478 471
471 215 343 407 455 467 469 470 503 479
472 216 344 408 456 464 504 476 474 473
473 217 345 409 457 465 472 505 477 475
474 218 346 410 458 466 472 506 478 475
475 219 347 411 459 467 473 474 507 479
476 220 348 412 460 468 472 508 478 477
477 221 349 413 461 469 473 476 509 479
478 222 350 414 462 470 474 476 510 479
479 223 351 415 463 471 475 477 478 511
480 224 352 416 448 496 488 484 482 481
481 225 353 417 449 480 497 489 485 483
482 226 354 418 450 480 498 490 486 483
483 227 355 419 451 481 482 499 491 487
484 228 356 420 452 480 500 492 486 485
485 229 357 421 453 481 484 501 493 487
486 230 358 422 454 482 484 502 494 487
487 231 359 423 455 483 485 486 503 495
488 232 360 424 456 480 504 492 490 489
489 233 361 425 457 481 488 505 493 491
490 234 362 426 458 482 488 506 494 491
491 235 363 427 459 483 489 490 507 495
492 236 364 428 460 484 488 508 494 493
493 237 365 429 461 485 489 492 509 495
494 238 366 430 462 486 490 492 510 495
495 239 367 431 463 487 491 493 494 511
496 240 368 432 464 480 504 500 498 497
497 241 369 433 465 481 496 505 501 499
498 242 370 434 466 482 496 506 502 499
499 243 371 435 467 483 497 498 507 503
500 244 372 436 468 484 496 508 502 501
501 245 373 437 469 485 497 500 509 503
502 246 374 438 470 486 498 500 510 503
503 247 375 439 471 487 499 501 502 511
504 248 376 440 472 488 496 508 506 505
505 249 377 441 473 489 497 504 509 507
506 250 378 442 474 490 498 504 510 507
507 251 379 443 475 491 499 505 506 511
508 252 380 444 476 492 500 504 510 509
509 253 381 445 477 493 501 505 508 511
510 254 382 446 478 494 502 506 508 511
511 255 383 447 479 495 503 507 509 510