100 10
0 512 256 128 64 32 16 8 4 2 1
1 0 513 257 129 65 33 17 9 5 3
2 0 514 258 130 66 34 18 10 6 3
3 1 2 515 259 131 67 35 19 11 7
4 0 516 260 132 68 36 20 12 6 5
5 1 4 517 261 133 69 37 21 13 7
6 2 4 518 262 134 70 38 22 14 7
7 3 5 6 519 263 135 71 39 23 15
8 0 520 264 136 72 40 24 12 10 9
9 1 8 521 265 137 73 41 25 13 11
10 2 8 522 266 138 74 42 26 14 11
11 3 9 10 523 267 139 75 43 27 15
12 4 8 524 268 140 76 44 28 14 13
13 5 9 12 525 269 141 77 45 29 15
14 6 10 12 526 270 142 78 46 30 15
15 7 11 13 14 527 271 143 79 47 31
16 0 528 272 144 80 48 24 20 18 17
17 1 16 529 273 145 81 49 25 21 19
18 2 16 530 274 146 82 50 26 22 19
19 3 17 18 531 275 147 83 51 27 23
20 4 16 532 276 148 84 52 28 22 21
21 5 17 20 533 277 149 85 53 29 23
22 6 18 20 534 278 150 86 54 30 23
23 7 19 21 22 535 279 151 87 55 31
24 8 16 536 280 152 88 56 28 26 25
25 9 17 24 537 281 153 89 57 29 27
26 10 18 24 538 282 154 90 58 30 27
27 11 19 25 26 539 283 155 91 59 31
28 12 20 24 540 284 156 92 60 30 29
29 13 21 25 28 541 285 157 93 61 31
30 14 22 26 28 542 286 158 94 62 31
31 15 23 27 29 30 543 287 159 95 63
32 0 544 288 160 96 48 40 36 34 33
33 1 32 545 289 161 97 49 41 37 35
34 2 32 546 290 162 98 50 42 38 35
35 3 33 34 547 291 163 99 51 43 39
36 4 32 548 292 164 100 52 44 38 37
37 5 33 36 549 293 165 101 53 45 39
38 6 34 36 550 294 166 102 54 46 39
39 7 35 37 38 551 295 167 103 55 47
40 8 32 552 296 168 104 56 44 42 41
41 9 33 40 553 297 169 105 57 45 43
42 10 34 40 554 298 170 106 58 46 43
43 11 35 41 42 555 299 171 107 59 47
44 12 36 40 556 300 172 108 60 46 45
45 13 37 41 44 557 301 173 109 61 47
46 14 38 42 44 558 302 174 110 62 47
47 15 39 43 45 46 559 303 175 111 63
48 16 32 560 304 176 112 56 52 50 49
49 17 33 48 561 305 177 113 57 53 51
50 18 34 48 562 306 178 114 58 54 51
51 19 35 49 50 563 307 179 115 59 55
52 20 36 48 564 308 180 116 60 54 53
53 21 37 49 52 565 309 181 117 61 55
54 22 38 50 52 566 310 182 118 62 55
55 23 39 51 53 54 567 311 183 119 63
56 24 40 48 568 312 184 120 60 58 57
57 25 41 49 56 569 313 185 121 61 59
58 26 42 50 56 570 314 186 122 62 59
59 27 43 51 57 58 571 315 187 123 63
60 28 44 52 56 572 316 188 124 62 61
61 29 45 53 57 60 573 317 189 125 63
62 30 46 54 58 60 574 318 190 126 63
63 31 47 55 59 61 62 575 319 191 127
64 0 576 320 192 96 80 72 68 66 65
65 1 64 577 321 193 97 81 73 69 67
66 2 64 578 322 194 98 82 74 70 67
67 3 65 66 579 323 195 99 83 75 71
68 4 64 580 324 196 100 84 76 70 69
69 5 65 68 581 325 197 101 85 77 71
70 6 66 68 582 326 198 102 86 78 71
71 7 67 69 70 583 327 199 103 87 79
72 8 64 584 328 200 104 88 76 74 73
73 9 65 72 585 329 201 105 89 77 75
74 10 66 72 586 330 202 106 90 78 75
75 11 67 73 74 587 331 203 107 91 79
76 12 68 72 588 332 204 108 92 78 77
77 13 69 73 76 589 333 205 109 93 79
78 14 70 74 76 590 334 206 110 94 79
79 15 71 75 77 78 591 335 207 111 95
80 16 64 592 336 208 112 88 84 82 81
81 17 65 80 593 337 209 113 89 85 83
82 18 66 80 594 338 210 114 90 86 83
83 19 67 81 82 595 339 211 115 91 87
84 20 68 80 596 340 212 116 92 86 85
85 21 69 81 84 597 341 213 117 93 87
86 22 70 82 84 598 342 214 118 94 87
87 23 71 83 85 86 599 343 215 119 95
88 24 72 80 600 344 216 120 92 90 89
89 25 73 81 88 601 345 217 121 93 91
90 26 74 82 88 602 346 218 122 94 91
91 27 75 83 89 90 603 347 219 123 95
92 28 76 84 88 604 348 220 124 94 93
93 29 77 85 89 92 605 349 221 125 95
94 30 78 86 90 92 606 350 222 126 95
95 31 79 87 91 93 94 607 351 223 127
96 32 64 608 352 224 112 104 100 98 97
97 33 65 96 609 353 225 113 105 101 99
98 34 66 96 610 354 226 114 106 102 99
99 35 67 97 98 611 355 227 115 107 103
100 36 68 96 612 356 228 116 108 102 101
101 37 69 97 100 613 357 229 117 109 103
102 38 70 98 100 614 358 230 118 110 103
103 39 71 99 101 102 615 359 231 119 111
104 40 72 96 616 360 232 120 108 106 105
105 41 73 97 104 617 361 233 121 109 107
106 42 74 98 104 618 362 234 122 110 107
107 43 75 99 105 106 619 363 235 123 111
108 44 76 100 104 620 364 236 124 110 109
109 45 77 101 105 108 621 365 237 125 111
110 46 78 102 106 108 622 366 238 126 111
111 47 79 103 107 109 110 623 367 239 127
112 48 80 96 624 368 240 120 116 114 113
113 49 81 97 112 625 369 241 121 117 115
114 50 82 98 112 626 370 242 122 118 115
115 51 83 99 113 114 627 371 243 123 119
116 52 84 100 112 628 372 244 124 118 117
117 53 85 101 113 116 629 373 245 125 119
118 54 86 102 114 116 630 374 246 126 119
119 55 87 103 115 117 118 631 375 247 127
120 56 88 104 112 632 376 248 124 122 121
121 57 89 105 113 120 633 377 249 125 123
122 58 90 106 114 120 634 378 250 126 123
123 59 91 107 115 121 122 635 379 251 127
124 60 92 108 116 120 636 380 252 126 125
125 61 93 109 117 121 124 637 381 253 127
126 62 94 110 118 122 124 638 382 254 127
127 63 95 111 119 123 125 126 639 383 255
128 0 640 384 192 160 144 136 132 130 129
129 1 128 641 385 193 161 145 137 133 131
130 2 128 642 386 194 162 146 138 134 131
131 3 129 130 643 387 195 163 147 139 135
132 4 128 644 388 196 164 148 140 134 133
133 5 129 132 645 389 197 165 149 141 135
134 6 130 132 646 390 198 166 150 142 135
135 7 131 133 134 647 391 199 167 151 143
136 8 128 648 392 200 168 152 140 138 137
137 9 129 136 649 393 201 169 153 141 139
138 10 130 136 650 394 202 170 154 142 139
139 11 131 137 138 651 395 203 171 155 143
140 12 132 136 652 396 204 172 156 142 141
141 13 133 137 140 653 397 205 173 157 143
142 14 134 138 140 654 398 206 174 158 143
143 15 135 139 141 142 655 399 207 175 159
144 16 128 656 400 208 176 152 148 146 145
145 17 129 144 657 401 209 177 153 149 147
146 18 130 144 658 402 210 178 154 150 147
147 19 131 145 146 659 403 211 179 155 151
148 20 132 144 660 404 212 180 156 150 149
149 21 133 145 148 661 405 213 181 157 151
150 22 134 146 148 662 406 214 182 158 151
151 23 135 147 149 150 663 407 215 183 159
152 24 136 144 664 408 216 184 156 154 153
153 25 137 145 152 665 409 217 185 157 155
154 26 138 146 152 666 410 218 186 158 155
155 27 139 147 153 154 667 411 219 187 159
156 28 140 148 152 668 412 220 188 158 157
157 29 141 149 153 156 669 413 221 189 159
158 30 142 150 154 156 670 414 222 190 159
159 31 143 151 155 157 158 671 415 223 191
160 32 128 672 416 224 176 168 164 162 161
161 33 129 160 673 417 225 177 169 165 163
162 34 130 160 674 418 226 178 170 166 163
163 35 131 161 162 675 419 227 179 171 167
164 36 132 160 676 420 228 180 172 166 165
165 37 133 161 164 677 421 229 181 173 167
166 38 134 162 164 678 422 230 182 174 167
167 39 135 163 165 166 679 423 231 183 175
168 40 136 160 680 424 232 184 172 170 169
169 41 137 161 168 681 425 233 185 173 171
170 42 138 162 168 682 426 234 186 174 171
171 43 139 163 169 170 683 427 235 187 175
172 44 140 164 168 684 428 236 188 174 173
173 45 141 165 169 172 685 429 237 189 175
174 46 142 166 170 172 686 430 238 190 175
175 47 143 167 171 173 174 687 431 239 191
176 48 144 160 688 432 240 184 180 178 177
177 49 145 161 176 689 433 241 185 181 179
178 50 146 162 176 690 434 242 186 182 179
179 51 147 163 177 178 691 435 243 187 183
180 52 148 164 176 692 436 244 188 182 181
181 53 149 165 177 180 693 437 245 189 183
182 54 150 166 178 180 694 438 246 190 183
183 55 151 167 179 181 182 695 439 247 191
184 56 152 168 176 696 440 248 188 186 185
185 57 153 169 177 184 697 441 249 189 187
186 58 154 170 178 184 698 442 250 190 187
187 59 155 171 179 185 186 699 443 251 191
188 60 156 172 180 184 700 444 252 190 189
189 61 157 173 181 185 188 701 445 253 191
190 62 158 174 182 186 188 702 446 254 191
191 63 159 175 183 187 189 190 703 447 255
192 64 128 704 448 224 208 200 196 194 193
193 65 129 192 705 449 225 209 201 197 195
194 66 130 192 706 450 226 210 202 198 195
195 67 131 193 194 707 451 227 211 203 199
196 68 132 192 708 452 228 212 204 198 197
197 69 133 193 196 709 453 229 213 205 199
198 70 134 194 196 710 454 230 214 206 199
199 71 135 195 197 198 711 455 231 215 207
200 72 136 192 712 456 232 216 204 202 201
201 73 137 193 200 713 457 233 217 205 203
202 74 138 194 200 714 458 234 218 206 203
203 75 139 195 201 202 715 459 235 219 207
204 76 140 196 200 716 460 236 220 206 205
205 77 141 197 201 204 717 461 237 221 207
206 78 142 198 202 204 718 462 238 222 207
207 79 143 199 203 205 206 719 463 239 223
208 80 144 192 720 464 240 216 212 210 209
209 81 145 193 208 721 465 241 217 213 211
210 82 146 194 208 722 466 242 218 214 211
211 83 147 195 209 210 723 467 243 219 215
212 84 148 196 208 724 468 244 220 214 213
213 85 149 197 209 212 725 469 245 221 215
214 86 150 198 210 212 726 470 246 222 215
215 87 151 199 211 213 214 727 471 247 223
216 88 152 200 208 728 472 248 220 218 217
217 89 153 201 209 216 729 473 249 221 219
218 90 154 202 210 216 730 474 250 222 219
219 91 155 203 211 217 218 731 475 251 223
220 92 156 204 212 216 732 476 252 222 221
221 93 157 205 213 217 220 733 477 253 223
222 94 158 206 214 218 220 734 478 254 223
223 95 159 207 215 219 221 222 735 479 255
224 96 160 192 736 480 240 232 228 226 225
225 97 161 193 224 737 481 241 233 229 227
226 98 162 194 224 738 482 242 234 230 227
227 99 163 195 225 226 739 483 243 235 231
228 100 164 196 224 740 484 244 236 230 229
229 101 165 197 225 228 741 485 245 237 231
230 102 166 198 226 228 742 486 246 238 231
231 103 167 199 227 229 230 743 487 247 239
232 104 168 200 224 744 488 248 236 234 233
233 105 169 201 225 232 745 489 249 237 235
234 106 170 202 226 232 746 490 250 238 235
235 107 171 203 227 233 234 747 491 251 239
236 108 172 204 228 232 748 492 252 238 237
237 109 173 205 229 233 236 749 493 253 239
238 110 174 206 230 234 236 750 494 254 239
239 111 175 207 231 235 237 238 751 495 255
240 112 176 208 224 752 496 248 244 242 241
241 113 177 209 225 240 753 497 249 245 243
242 114 178 210 226 240 754 498 250 246 243
243 115 179 211 227 241 242 755 499 251 247
244 116 180 212 228 240 756 500 252 246 245
245 117 181 213 229 241 244 757 501 253 247
246 118 182 214 230 242 244 758 502 254 247
247 119 183 215 231 243 245 246 759 503 255
248 120 184 216 232 240 760 504 252 250 249
249 121 185 217 233 241 248 761 505 253 251
250 122 186 218 234 242 248 762 506 254 251
251 123 187 219 235 243 249 250 763 507 255
252 124 188 220 236 244 248 764 508 254 253
253 125 189 221 237 245 249 252 765 509 255
254 126 190 222 238 246 250 252 766 510 255
255 127 191 223 239 247 251 253 254 767 511
256 0 768 384 320 288 272 264 260 258 257
257 1 256 769 385 321 289 273 265 261 259
258 2 256 770 386 322 290 274 266 262 259
259 3 257 258 771 387 323 291 275 267 263
260 4 256 772 388 324 292 276 268 262 261
261 5 257 260 773 389 325 293 277 269 263
262 6 258 260 774 390 326 294 278 270 263
263 7 259 261 262 775 391 327 295 279 271
264 8 256 776 392 328 296 280 268 266 265
265 9 257 264 777 393 329 297 281 269 267
266 10 258 264 778 394 330 298 282 270 267
267 11 259 265 266 779 395 331 299 283 271
268 12 260 264 780 396 332 300 284 270 269
269 13 261 265 268 781 397 333 301 285 271
270 14 262 266 268 782 398 334 302 286 271
271 15 263 267 269 270 783 399 335 303 287
272 16 256 784 400 336 304 280 276 274 273
273 17 257 272 785 401 337 305 281 277 275
274 18 258 272 786 402 338 306 282 278 275
275 19 259 273 274 787 403 339 307 283 279
276 20 260 272 788 404 340 308 284 278 277
277 21 261 273 276 789 405 341 309 285 279
278 22 262 274 276 790 406 342 310 286 279
279 23 263 275 277 278 791 407 343 311 287
280 24 264 272 792 408 344 312 284 282 281
281 25 265 273 280 793 409 345 313 285 283
282 26 266 274 280 794 410 346 314 286 283
283 27 267 275 281 282 795 411 347 315 287
284 28 268 276 280 796 412 348 316 286 285
285 29 269 277 281 284 797 413 349 317 287
286 30 270 278 282 284 798 414 350 318 287
287 31 271 279 283 285 286 799 415 351 319
288 32 256 800 416 352 304 296 292 290 289
289 33 257 288 801 417 353 305 297 293 291
290 34 258 288 802 418 354 306 298 294 291
291 35 259 289 290 803 419 355 307 299 295
292 36 260 288 804 420 356 308 300 294 293
293 37 261 289 292 805 421 357 309 301 295
294 38 262 290 292 806 422 358 310 302 295
295 39 263 291 293 294 807 423 359 311 303
296 40 264 288 808 424 360 312 300 298 297
297 41 265 289 296 809 425 361 313 301 299
298 42 266 290 296 810 426 362 314 302 299
299 43 267 291 297 298 811 427 363 315 303
300 44 268 292 296 812 428 364 316 302 301
301 45 269 293 297 300 813 429 365 317 303
302 46 270 294 298 300 814 430 366 318 303
303 47 271 295 299 301 302 815 431 367 319
304 48 272 288 816 432 368 312 308 306 305
305 49 273 289 304 817 433 369 313 309 307
306 50 274 290 304 818 434 370 314 310 307
307 51 275 291 305 306 819 435 371 315 311
308 52 276 292 304 820 436 372 316 310 309
309 53 277 293 305 308 821 437 373 317 311
310 54 278 294 306 308 822 438 374 318 311
311 55 279 295 307 309 310 823 439 375 319
312 56 280 296 304 824 440 376 316 314 313
313 57 281 297 305 312 825 441 377 317 315
314 58 282 298 306 312 826 442 378 318 315
315 59 283 299 307 313 314 827 443 379 319
316 60 284 300 308 312 828 444 380 318 317
317 61 285 301 309 313 316 829 445 381 319
318 62 286 302 310 314 316 830 446 382 319
319 63 287 303 311 315 317 318 831 447 383
320 64 256 832 448 352 336 328 324 322 321
321 65 257 320 833 449 353 337 329 325 323
322 66 258 320 834 450 354 338 330 326 323
323 67 259 321 322 835 451 355 339 331 327
324 68 260 320 836 452 356 340 332 326 325
325 69 261 321 324 837 453 357 341 333 327
326 70 262 322 324 838 454 358 342 334 327
327 71 263 323 325 326 839 455 359 343 335
328 72 264 320 840 456 360 344 332 330 329
329 73 265 321 328 841 457 361 345 333 331
330 74 266 322 328 842 458 362 346 334 331
331 75 267 323 329 330 843 459 363 347 335
332 76 268 324 328 844 460 364 348 334 333
333 77 269 325 329 332 845 461 365 349 335
334 78 270 326 330 332 846 462 366 350 335
335 79 271 327 331 333 334 847 463 367 351
336 80 272 320 848 464 368 344 340 338 337
337 81 273 321 336 849 465 369 345 341 339
338 82 274 322 336 850 466 370 346 342 339
339 83 275 323 337 338 851 467 371 347 343
340 84 276 324 336 852 468 372 348 342 341
341 85 277 325 337 340 853 469 373 349 343
342 86 278 326 338 340 854 470 374 350 343
343 87 279 327 339 341 342 855 471 375 351
344 88 280 328 336 856 472 376 348 346 345
345 89 281 329 337 344 857 473 377 349 347
346 90 282 330 338 344 858 474 378 350 347
347 91 283 331 339 345 346 859 475 379 351
348 92 284 332 340 344 860 476 380 350 349
349 93 285 333 341 345 348 861 477 381 351
350 94 286 334 342 346 348 862 478 382 351
351 95 287 335 343 347 349 350 863 479 383
352 96 288 320 864 480 368 360 356 354 353
353 97 289 321 352 865 481 369 361 357 355
354 98 290 322 352 866 482 370 362 358 355
355 99 291 323 353 354 867 483 371 363 359
356 100 292 324 352 868 484 372 364 358 357
357 101 293 325 353 356 869 485 373 365 359
358 102 294 326 354 356 870 486 374 366 359
359 103 295 327 355 357 358 871 487 375 367
360 104 296 328 352 872 488 376 364 362 361
361 105 297 329 353 360 873 489 377 365 363
362 106 298 330 354 360 874 490 378 366 363
363 107 299 331 355 361 362 875 491 379 367
364 108 300 332 356 360 876 492 380 366 365
365 109 301 333 357 361 364 877 493 381 367
366 110 302 334 358 362 364 878 494 382 367
367 111 303 335 359 363 365 366 879 495 383
368 112 304 336 352 880 496 376 372 370 369
369 113 305 337 353 368 881 497 377 373 371
370 114 306 338 354 368 882 498 378 374 371
371 115 307 339 355 369 370 883 499 379 375
372 116 308 340 356 368 884 500 380 374 373
373 117 309 341 357 369 372 885 501 381 375
374 118 310 342 358 370 372 886 502 382 375
375 119 311 343 359 371 373 374 887 503 383
376 120 312 344 360 368 888 504 380 378 377
377 121 313 345 361 369 376 889 505 381 379
378 122 314 346 362 370 376 890 506 382 379
379 123 315 347 363 371 377 378 891 507 383
380 124 316 348 364 372 376 892 508 382 381
381 125 317 349 365 373 377 380 893 509 383
382 126 318 350 366 374 378 380 894 510 383
383 127 319 351 367 375 379 381 382 895 511
384 128 256 896 448 416 400 392 388 386 385
385 129 257 384 897 449 417 401 393 389 387
386 130 258 384 898 450 418 402 394 390 387
387 131 259 385 386 899 451 419 403 395 391
388 132 260 384 900 452 420 404 396 390 389
389 133 261 385 388 901 453 421 405 397 391
390 134 262 386 388 902 454 422 406 398 391
391 135 263 387 389 390 903 455 423 407 399
392 136 264 384 904 456 424 408 396 394 393
393 137 265 385 392 905 457 425 409 397 395
394 138 266 386 392 906 458 426 410 398 395
395 139 267 387 393 394 907 459 427 411 399
396 140 268 388 392 908 460 428 412 398 397
397 141 269 389 393 396 909 461 429 413 399
398 142 270 390 394 396 910 462 430 414 399
399 143 271 391 395 397 398 911 463 431 415
400 144 272 384 912 464 432 408 404 402 401
401 145 273 385 400 913 465 433 409 405 403
402 146 274 386 400 914 466 434 410 406 403
403 147 275 387 401 402 915 467 435 411 407
404 148 276 388 400 916 468 436 412 406 405
405 149 277 389 401 404 917 469 437 413 407
406 150 278 390 402 404 918 470 438 414 407
407 151 279 391 403 405 406 919 471 439 415
408 152 280 392 400 920 472 440 412 410 409
409 153 281 393 401 408 921 473 441 413 411
410 154 282 394 402 408 922 474 442 414 411
411 155 283 395 403 409 410 923 475 443 415
412 156 284 396 404 408 924 476 444 414 413
413 157 285 397 405 409 412 925 477 445 415
414 158 286 398 406 410 412 926 478 446 415
415 159 287 399 407 411 413 414 927 479 447
416 160 288 384 928 480 432 424 420 418 417
417 161 289 385 416 929 481 433 425 421 419
418 162 290 386 416 930 482 434 426 422 419
419 163 291 387 417 418 931 483 435 427 423
420 164 292 388 416 932 484 436 428 422 421
421 165 293 389 417 420 933 485 437 429 423
422 166 294 390 418 420 934 486 438 430 423
423 167 295 391 419 421 422 935 487 439 431
424 168 296 392 416 936 488 440 428 426 425
425 169 297 393 417 424 937 489 441 429 427
426 170 298 394 418 424 938 490 442 430 427
427 171 299 395 419 425 426 939 491 443 431
428 172 300 396 420 424 940 492 444 430 429
429 173 301 397 421 425 428 941 493 445 431
430 174 302 398 422 426 428 942 494 446 431
431 175 303 399 423 427 429 430 943 495 447
432 176 304 400 416 944 496 440 436 434 433
433 177 305 401 417 432 945 497 441 437 435
434 178 306 402 418 432 946 498 442 438 435
435 179 307 403 419 433 434 947 499 443 439
436 180 308 404 420 432 948 500 444 438 437
437 181 309 405 421 433 436 949 501 445 439
438 182 310 406 422 434 436 950 502 446 439
439 183 311 407 423 435 437 438 951 503 447
440 184 312 408 424 432 952 504 444 442 441
441 185 313 409 425 433 440 953 505 445 443
442 186 314 410 426 434 440 954 506 446 443
443 187 315 411 427 435 441 442 955 507 447
444 188 316 412 428 436 440 956 508 446 445
445 189 317 413 429 437 441 444 957 509 447
446 190 318 414 430 438 442 444 958 510 447
447 191 319 415 431 439 443 445 446 959 511
448 192 320 384 960 480 464 456 452 450 449
449 193 321 385 448 961 481 465 457 453 451
450 194 322 386 448 962 482 466 458 454 451
451 195 323 387 449 450 963 483 467 459 455
452 196 324 388 448 964 484 468 460 454 453
453 197 325 389 449 452 965 485 469 461 455
454 198 326 390 450 452 966 486 470 462 455
455 199 327 391 451 453 454 967 487 471 463
456 200 328 392 448 968 488 472 460 458 457
457 201 329 393 449 456 969 489 473 461 459
458 202 330 394 450 456 970 490 474 462 459
459 203 331 395 451 457 458 971 491 475 463
460 204 332 396 452 456 972 492 476 462 461
461 205 333 397 453 457 460 973 493 477 463
462 206 334 398 454 458 460 974 494 478 463
463 207 335 399 455 459 461 462 975 495 479
464 208 336 400 448 976 496 472 468 466 465
465 209 337 401 449 464 977 497 473 469 467
466 210 338 402 450 464 978 498 474 470 467
467 211 339 403 451 465 466 979 499 475 471
468 212 340 404 452 464 980 500 476 470 469
469 213 341 405 453 465 468 981 501 477 471
470 214 342 406 454 466 468 982 502 478 471
471 215 343 407 455 467 469 470 983 503 479
472 216 344 408 456 464 984 504 476 474 473
473 217 345 409 457 465 472 985 505 477 475
474 218 346 410 458 466 472 986 506 478 475
475 219 347 411 459 467 473 474 987 507 479
476 220 348 412 460 468 472 988 508 478 477
477 221 349 413 461 469 473 476 989 509 479
478 222 350 414 462 470 474 476 990 510 479
479 223 351 415 463 471 475 477 478 991 511
480 224 352 416 448 992 496 488 484 482 481
481 225 353 417 449 480 993 497 489 485 483
482 226 354 418 450 480 994 498 490 486 483
483 227 355 419 451 481 482 995 499 491 487
484 228 356 420 452 480 996 500 492 486 485
485 229 357 421 453 481 484 997 501 493 487
486 230 358 422 454 482 484 998 502 494 487
487 231 359 423 455 483 485 486 999 503 495
488 232 360 424 456 480 1000 504 492 490 489
489 233 361 425 457 481 488 1001 505 493 491
490 234 362 426 458 482 488 1002 506 494 491
491 235 363 427 459 483 489 490 1003 507 495
492 236 364 428 460 484 488 1004 508 494 493
493 237 365 429 461 485 489 492 1005 509 495
494 238 366 430 462 486 490 492 1006 510 495
495 239 367 431 463 487 491 493 494 1007 511
496 240 368 432 464 480 1008 504 500 498 497
497 241 369 433 465 481 496 1009 505 501 499
498 242 370 434 466 482 496 1010 506 502 499
499 243 371 435 467 483 497 498 1011 507 503
500 244 372 436 468 484 496 1012 508 502 501
501 245 373 437 469 485 497 500 1013 509 503
502 246 374 438 470 486 498 500 1014 510 503
503 247 375 439 471 487 499 501 502 1015 511
504 248 376 440 472 488 496 1016 508 506 505
505 249 377 441 473 489 497 504 1017 509 507
506 250 378 442 474 490 498 504 1018 510 507
507 251 379 443 475 491 499 505 506 1019 511
508 252 380 444 476 492 500 504 1020 510 509
509 253 381 445 477 493 501 505 508 1021 511
510 254 382 446 478 494 502 506 508 1022 511
511 255 383 447 479 495 503 507 509 510 1023
512 0 768 640 576 544 528 520 516 514 513
513 1 512 769 641 577 545 529 521 517 515
514 2 512 770 642 578 546 530 522 518 515
515 3 513 514 771 643 579 547 531 523 519
516 4 512 772 644 580 548 532 524 518 517
517 5 513 516 773 645 581 549 533 525 519
518 6 514 516 774 646 582 550 534 526 519
519 7 515 517 518 775 647 583 551 535 527
520 8 512 776 648 584 552 536 524 522 521
521 9 513 520 777 649 585 553 537 525 523
522 10 514 520 778 650 586 554 538 526 523
523 11 515 521 522 779 651 587 555 539 527
524 12 516 520 780 652 588 556 540 526 525
525 13 517 521 524 781 653 589 557 541 527
526 14 518 522 524 782 654 590 558 542 527
527 15 519 523 525 526 783 655 591 559 543
528 16 512 784 656 592 560 536 532 530 529
529 17 513 528 785 657 593 561 537 533 531
530 18 514 528 786 658 594 562 538 534 531
531 19 515 529 530 787 659 595 563 539 535
532 20 516 528 788 660 596 564 540 534 533
533 21 517 529 532 789 661 597 565 541 535
534 22 518 530 532 790 662 598 566 542 535
535 23 519 531 533 534 791 663 599 567 543
536 24 520 528 792 664 600 568 540 538 537
537 25 521 529 536 793 665 601 569 541 539
538 26 522 530 536 794 666 602 570 542 539
539 27 523 531 537 538 795 667 603 571 543
540 28 524 532 536 796 668 604 572 542 541
541 29 525 533 537 540 797 669 605 573 543
542 30 526 534 538 540 798 670 606 574 543
543 31 527 535 539 541 542 799 671 607 575
544 32 512 800 672 608 560 552 548 546 545
545 33 513 544 801 673 609 561 553 549 547
546 34 514 544 802 674 610 562 554 550 547
547 35 515 545 546 803 675 611 563 555 551
548 36 516 544 804 676 612 564 556 550 549
549 37 517 545 548 805 677 613 565 557 551
550 38 518 546 548 806 678 614 566 558 551
551 39 519 547 549 550 807 679 615 567 559
552 40 520 544 808 680 616 568 556 554 553
553 41 521 545 552 809 681 617 569 557 555
554 42 522 546 552 810 682 618 570 558 555
555 43 523 547 553 554 811 683 619 571 559
556 44 524 548 552 812 684 620 572 558 557
557 45 525 549 553 556 813 685 621 573 559
558 46 526 550 554 556 814 686 622 574 559
559 47 527 551 555 557 558 815 687 623 575
560 48 528 544 816 688 624 568 564 562 561
561 49 529 545 560 817 689 625 569 565 563
562 50 530 546 560 818 690 626 570 566 563
563 51 531 547 561 562 819 691 627 571 567
564 52 532 548 560 820 692 628 572 566 565
565 53 533 549 561 564 821 693 629 573 567
566 54 534 550 562 564 822 694 630 574 567
567 55 535 551 563 565 566 823 695 631 575
568 56 536 552 560 824 696 632 572 570 569
569 57 537 553 561 568 825 697 633 573 571
570 58 538 554 562 568 826 698 634 574 571
571 59 539 555 563 569 570 827 699 635 575
572 60 540 556 564 568 828 700 636 574 573
573 61 541 557 565 569 572 829 701 637 575
574 62 542 558 566 570 572 830 702 638 575
575 63 543 559 567 571 573 574 831 703 639
576 64 512 832 704 608 592 584 580 578 577
577 65 513 576 833 705 609 593 585 581 579
578 66 514 576 834 706 610 594 586 582 579
579 67 515 577 578 835 707 611 595 587 583
580 68 516 576 836 708 612 596 588 582 581
581 69 517 577 580 837 709 613 597 589 583
582 70 518 578 580 838 710 614 598 590 583
583 71 519 579 581 582 839 711 615 599 591
584 72 520 576 840 712 616 600 588 586 585
585 73 521 577 584 841 713 617 601 589 587
586 74 522 578 584 842 714 618 602 590 587
587 75 523 579 585 586 843 715 619 603 591
588 76 524 580 584 844 716 620 604 590 589
589 77 525 581 585 588 845 717 621 605 591
590 78 526 582 586 588 846 718 622 606 591
591 79 527 583 587 589 590 847 719 623 607
592 80 528 576 848 720 624 600 596 594 593
593 81 529 577 592 849 721 625 601 597 595
594 82 530 578 592 850 722 626 602 598 595
595 83 531 579 593 594 851 723 627 603 599
596 84 532 580 592 852 724 628 604 598 597
597 85 533 581 593 596 853 725 629 605 599
598 86 534 582 594 596 854 726 630 606 599
599 87 535 583 595 597 598 855 727 631 607
600 88 536 584 592 856 728 632 604 602 601
601 89 537 585 593 600 857 729 633 605 603
602 90 538 586 594 600 858 730 634 606 603
603 91 539 587 595 601 602 859 731 635 607
604 92 540 588 596 600 860 732 636 606 605
605 93 541 589 597 601 604 861 733 637 607
606 94 542 590 598 602 604 862 734 638 607
607 95 543 591 599 603 605 606 863 735 639
608 96 544 576 864 736 624 616 612 610 609
609 97 545 577 608 865 737 625 617 613 611
610 98 546 578 608 866 738 626 618 614 611
611 99 547 579 609 610 867 739 627 619 615
612 100 548 580 608 868 740 628 620 614 613
613 101 549 581 609 612 869 741 629 621 615
614 102 550 582 610 612 870 742 630 622 615
615 103 551 583 611 613 614 871 743 631 623
616 104 552 584 608 872 744 632 620 618 617
617 105 553 585 609 616 873 745 633 621 619
618 106 554 586 610 616 874 746 634 622 619
619 107 555 587 611 617 618 875 747 635 623
620 108 556 588 612 616 876 748 636 622 621
621 109 557 589 613 617 620 877 749 637 623
622 110 558 590 614 618 620 878 750 638 623
623 111 559 591 615 619 621 622 879 751 639
624 112 560 592 608 880 752 632 628 626 625
625 113 561 593 609 624 881 753 633 629 627
626 114 562 594 610 624 882 754 634 630 627
627 115 563 595 611 625 626 883 755 635 631
628 116 564 596 612 624 884 756 636 630 629
629 117 565 597 613 625 628 885 757 637 631
630 118 566 598 614 626 628 886 758 638 631
631 119 567 599 615 627 629 630 887 759 639
632 120 568 600 616 624 888 760 636 634 633
633 121 569 601 617 625 632 889 761 637 635
634 122 570 602 618 626 632 890 762 638 635
635 123 571 603 619 627 633 634 891 763 639
636 124 572 604 620 628 632 892 764 638 637
637 125 573 605 621 629 633 636 893 765 639
638 126 574 606 622 630 634 636 894 766 639
639 127 575 607 623 631 635 637 638 895 767
640 128 512 896 704 672 656 648 644 642 641
641 129 513 640 897 705 673 657 649 645 643
642 130 514 640 898 706 674 658 650 646 643
643 131 515 641 642 899 707 675 659 651 647
644 132 516 640 900 708 676 660 652 646 645
645 133 517 641 644 901 709 677 661 653 647
646 134 518 642 644 902 710 678 662 654 647
647 135 519 643 645 646 903 711 679 663 655
648 136 520 640 904 712 680 664 652 650 649
649 137 521 641 648 905 713 681 665 653 651
650 138 522 642 648 906 714 682 666 654 651
651 139 523 643 649 650 907 715 683 667 655
652 140 524 644 648 908 716 684 668 654 653
653 141 525 645 649 652 909 717 685 669 655
654 142 526 646 650 652 910 718 686 670 655
655 143 527 647 651 653 654 911 719 687 671
656 144 528 640 912 720 688 664 660 658 657
657 145 529 641 656 913 721 689 665 661 659
658 146 530 642 656 914 722 690 666 662 659
659 147 531 643 657 658 915 723 691 667 663
660 148 532 644 656 916 724 692 668 662 661
661 149 533 645 657 660 917 725 693 669 663
662 150 534 646 658 660 918 726 694 670 663
663 151 535 647 659 661 662 919 727 695 671
664 152 536 648 656 920 728 696 668 666 665
665 153 537 649 657 664 921 729 697 669 667
666 154 538 650 658 664 922 730 698 670 667
667 155 539 651 659 665 666 923 731 699 671
668 156 540 652 660 664 924 732 700 670 669
669 157 541 653 661 665 668 925 733 701 671
670 158 542 654 662 666 668 926 734 702 671
671 159 543 655 663 667 669 670 927 735 703
672 160 544 640 928 736 688 680 676 674 673
673 161 545 641 672 929 737 689 681 677 675
674 162 546 642 672 930 738 690 682 678 675
675 163 547 643 673 674 931 739 691 683 679
676 164 548 644 672 932 740 692 684 678 677
677 165 549 645 673 676 933 741 693 685 679
678 166 550 646 674 676 934 742 694 686 679
679 167 551 647 675 677 678 935 743 695 687
680 168 552 648 672 936 744 696 684 682 681
681 169 553 649 673 680 937 745 697 685 683
682 170 554 650 674 680 938 746 698 686 683
683 171 555 651 675 681 682 939 747 699 687
684 172 556 652 676 680 940 748 700 686 685
685 173 557 653 677 681 684 941 749 701 687
686 174 558 654 678 682 684 942 750 702 687
687 175 559 655 679 683 685 686 943 751 703
688 176 560 656 672 944 752 696 692 690 689
689 177 561 657 673 688 945 753 697 693 691
690 178 562 658 674 688 946 754 698 694 691
691 179 563 659 675 689 690 947 755 699 695
692 180 564 660 676 688 948 756 700 694 693
693 181 565 661 677 689 692 949 757 701 695
694 182 566 662 678 690 692 950 758 702 695
695 183 567 663 679 691 693 694 951 759 703
696 184 568 664 680 688 952 760 700 698 697
697 185 569 665 681 689 696 953 761 701 699
698 186 570 666 682 690 696 954 762 702 699
699 187 571 667 683 691 697 698 955 763 703
700 188 572 668 684 692 696 956 764 702 701
701 189 573 669 685 693 697 700 957 765 703
702 190 574 670 686 694 698 700 958 766 703
703 191 575 671 687 695 699 701 702 959 767
704 192 576 640 960 736 720 712 708 706 705
705 193 577 641 704 961 737 721 713 709 707
706 194 578 642 704 962 738 722 714 710 707
707 195 579 643 705 706 963 739 723 715 711
708 196 580 644 704 964 740 724 716 710 709
709 197 581 645 705 708 965 741 725 717 711
710 198 582 646 706 708 966 742 726 718 711
711 199 583 647 707 709 710 967 743 727 719
712 200 584 648 704 968 744 728 716 714 713
713 201 585 649 705 712 969 745 729 717 715
714 202 586 650 706 712 970 746 730 718 715
715 203 587 651 707 713 714 971 747 731 719
716 204 588 652 708 712 972 748 732 718 717
717 205 589 653 709 713 716 973 749 733 719
718 206 590 654 710 714 716 974 750 734 719
719 207 591 655 711 715 717 718 975 751 735
720 208 592 656 704 976 752 728 724 722 721
721 209 593 657 705 720 977 753 729 725 723
722 210 594 658 706 720 978 754 730 726 723
723 211 595 659 707 721 722 979 755 731 727
724 212 596 660 708 720 980 756 732 726 725
725 213 597 661 709 721 724 981 757 733 727
726 214 598 662 710 722 724 982 758 734 727
727 215 599 663 711 723 725 726 983 759 735
728 216 600 664 712 720 984 760 732 730 729
729 217 601 665 713 721 728 985 761 733 731
730 218 602 666 714 722 728 986 762 734 731
731 219 603 667 715 723 729 730 987 763 735
732 220 604 668 716 724 728 988 764 734 733
733 221 605 669 717 725 729 732 989 765 735
734 222 606 670 718 726 730 732 990 766 735
735 223 607 671 719 727 731 733 734 991 767
736 224 608 672 704 992 752 744 740 738 737
737 225 609 673 705 736 993 753 745 741 739
738 226 610 674 706 736 994 754 746 742 739
739 227 611 675 707 737 738 995 755 747 743
740 228 612 676 708 736 996 756 748 742 741
741 229 613 677 709 737 740 997 757 749 743
742 230 614 678 710 738 740 998 758 750 743
743 231 615 679 711 739 741 742 999 759 751
744 232 616 680 712 736 1000 760 748 746 745
745 233 617 681 713 737 744 1001 761 749 747
746 234 618 682 714 738 744 1002 762 750 747
747 235 619 683 715 739 745 746 1003 763 751
748 236 620 684 716 740 744 1004 764 750 749
749 237 621 685 717 741 745 748 1005 765 751
750 238 622 686 718 742 746 748 1006 766 751
751 239 623 687 719 743 747 749 750 1007 767
752 240 624 688 720 736 1008 760 756 754 753
753 241 625 689 721 737 752 1009 761 757 755
754 242 626 690 722 738 752 1010 762 758 755
755 243 627 691 723 739 753 754 1011 763 759
756 244 628 692 724 740 752 1012 764 758 757
757 245 629 693 725 741 753 756 1013 765 759
758 246 630 694 726 742 754 756 1014 766 759
759 247 631 695 727 743 755 757 758 1015 767
760 248 632 696 728 744 752 1016 764 762 761
761 249 633 697 729 745 753 760 1017 765 763
762 250 634 698 730 746 754 760 1018 766 763
763 251 635 699 731 747 755 761 762 1019 767
764 252 636 700 732 748 756 760 1020 766 765
765 253 637 701 733 749 757 761 764 1021 767
766 254 638 702 734 750 758 762 764 1022 767
767 255 639 703 735 751 759 763 765 766 1023
768 256 512 896 832 800 784 776 772 770 769
769 257 513 768 897 833 801 785 777 773 771
770 258 514 768 898 834 802 786 778 774 771
771 259 515 769 770 899 835 803 787 779 775
772 260 516 768 900 836 804 788 780 774 773
773 261 517 769 772 901 837 805 789 781 775
774 262 518 770 772 902 838 806 790 782 775
775 263 519 771 773 774 903 839 807 791 783
776 264 520 768 904 840 808 792 780 778 777
777 265 521 769 776 905 841 809 793 781 779
778 266 522 770 776 906 842 810 794 782 779
779 267 523 771 777 778 907 843 811 795 783
780 268 524 772 776 908 844 812 796 782 781
781 269 525 773 777 780 909 845 813 797 783
782 270 526 774 778 780 910 846 814 798 783
783 271 527 775 779 781 782 911 847 815 799
784 272 528 768 912 848 816 792 788 786 785
785 273 529 769 784 913 849 817 793 789 787
786 274 530 770 784 914 850 818 794 790 787
787 275 531 771 785 786 915 851 819 795 791
788 276 532 772 784 916 852 820 796 790 789
789 277 533 773 785 788 917 853 821 797 791
790 278 534 774 786 788 918 854 822 798 791
791 279 535 775 787 789 790 919 855 823 799
792 280 536 776 784 920 856 824 796 794 793
793 281 537 777 785 792 921 857 825 797 795
794 282 538 778 786 792 922 858 826 798 795
795 283 539 779 787 793 794 923 859 827 799
796 284 540 780 788 792 924 860 828 798 797
797 285 541 781 789 793 796 925 861 829 799
798 286 542 782 790 794 796 926 862 830 799
799 287 543 783 791 795 797 798 927 863 831
800 288 544 768 928 864 816 808 804 802 801
801 289 545 769 800 929 865 817 809 805 803
802 290 546 770 800 930 866 818 810 806 803
803 291 547 771 801 802 931 867 819 811 807
804 292 548 772 800 932 868 820 812 806 805
805 293 549 773 801 804 933 869 821 813 807
806 294 550 774 802 804 934 870 822 814 807
807 295 551 775 803 805 806 935 871 823 815
808 296 552 776 800 936 872 824 812 810 809
809 297 553 777 801 808 937 873 825 813 811
810 298 554 778 802 808 938 874 826 814 811
811 299 555 779 803 809 810 939 875 827 815
812 300 556 780 804 808 940 876 828 814 813
813 301 557 781 805 809 812 941 877 829 815
814 302 558 782 806 810 812 942 878 830 815
815 303 559 783 807 811 813 814 943 879 831
816 304 560 784 800 944 880 824 820 818 817
817 305 561 785 801 816 945 881 825 821 819
818 306 562 786 802 816 946 882 826 822 819
819 307 563 787 803 817 818 947 883 827 823
820 308 564 788 804 816 948 884 828 822 821
821 309 565 789 805 817 820 949 885 829 823
822 310 566 790 806 818 820 950 886 830 823
823 311 567 791 807 819 821 822 951 887 831
824 312 568 792 808 816 952 888 828 826 825
825 313 569 793 809 817 824 953 889 829 827
826 314 570 794 810 818 824 954 890 830 827
827 315 571 795 811 819 825 826 955 891 831
828 316 572 796 812 820 824 956 892 830 829
829 317 573 797 813 821 825 828 957 893 831
830 318 574 798 814 822 826 828 958 894 831
831 319 575 799 815 823 827 829 830 959 895
832 320 576 768 960 864 848 840 836 834 833
833 321 577 769 832 961 865 849 841 837 835
834 322 578 770 832 962 866 850 842 838 835
835 323 579 771 833 834 963 867 851 843 839
836 324 580 772 832 964 868 852 844 838 837
837 325 581 773 833 836 965 869 853 845 839
838 326 582 774 834 836 966 870 854 846 839
839 327 583 775 835 837 838 967 871 855 847
840 328 584 776 832 968 872 856 844 842 841
841 329 585 777 833 840 969 873 857 845 843
842 330 586 778 834 840 970 874 858 846 843
843 331 587 779 835 841 842 971 875 859 847
844 332 588 780 836 840 972 876 860 846 845
845 333 589 781 837 841 844 973 877 861 847
846 334 590 782 838 842 844 974 878 862 847
847 335 591 783 839 843 845 846 975 879 863
848 336 592 784 832 976 880 856 852 850 849
849 337 593 785 833 848 977 881 857 853 851
850 338 594 786 834 848 978 882 858 854 851
851 339 595 787 835 849 850 979 883 859 855
852 340 596 788 836 848 980 884 860 854 853
853 341 597 789 837 849 852 981 885 861 855
854 342 598 790 838 850 852 982 886 862 855
855 343 599 791 839 851 853 854 983 887 863
856 344 600 792 840 848 984 888 860 858 857
857 345 601 793 841 849 856 985 889 861 859
858 346 602 794 842 850 856 986 890 862 859
859 347 603 795 843 851 857 858 987 891 863
860 348 604 796 844 852 856 988 892 862 861
861 349 605 797 845 853 857 860 989 893 863
862 350 606 798 846 854 858 860 990 894 863
863 351 607 799 847 855 859 861 862 991 895
864 352 608 800 832 992 880 872 868 866 865
865 353 609 801 833 864 993 881 873 869 867
866 354 610 802 834 864 994 882 874 870 867
867 355 611 803 835 865 866 995 883 875 871
868 356 612 804 836 864 996 884 876 870 869
869 357 613 805 837 865 868 997 885 877 871
870 358 614 806 838 866 868 998 886 878 871
871 359 615 807 839 867 869 870 999 887 879
872 360 616 808 840 864 1000 888 876 874 873
873 361 617 809 841 865 872 1001 889 877 875
874 362 618 810 842 866 872 1002 890 878 875
875 363 619 811 843 867 873 874 1003 891 879
876 364 620 812 844 868 872 1004 892 878 877
877 365 621 813 845 869 873 876 1005 893 879
878 366 622 814 846 870 874 876 1006 894 879
879 367 623 815 847 871 875 877 878 1007 895
880 368 624 816 848 864 1008 888 884 882 881
881 369 625 817 849 865 880 1009 889 885 883
882 370 626 818 850 866 880 1010 890 886 883
883 371 627 819 851 867 881 882 1011 891 887
884 372 628 820 852 868 880 1012 892 886 885
885 373 629 821 853 869 881 884 1013 893 887
886 374 630 822 854 870 882 884 1014 894 887
887 375 631 823 855 871 883 885 886 1015 895
888 376 632 824 856 872 880 1016 892 890 889
889 377 633 825 857 873 881 888 1017 893 891
890 378 634 826 858 874 882 888 1018 894 891
891 379 635 827 859 875 883 889 890 1019 895
892 380 636 828 860 876 884 888 1020 894 893
893 381 637 829 861 877 885 889 892 1021 895
894 382 638 830 862 878 886 890 892 1022 895
895 383 639 831 863 879 887 891 893 894 1023
896 384 640 768 960 928 912 904 900 898 897
897 385 641 769 896 961 929 913 905 901 899
898 386 642 770 896 962 930 914 906 902 899
899 387 643 771 897 898 963 931 915 907 903
900 388 644 772 896 964 932 916 908 902 901
901 389 645 773 897 900 965 933 917 909 903
902 390 646 774 898 900 966 934 918 910 903
903 391 647 775 899 901 902 967 935 919 911
904 392 648 776 896 968 936 920 908 906 905
905 393 649 777 897 904 969 937 921 909 907
906 394 650 778 898 904 970 938 922 910 907
907 395 651 779 899 905 906 971 939 923 911
908 396 652 780 900 904 972 940 924 910 909
909 397 653 781 901 905 908 973 941 925 911
910 398 654 782 902 906 908 974 942 926 911
911 399 655 783 903 907 909 910 975 943 927
912 400 656 784 896 976 944 920 916 914 913
913 401 657 785 897 912 977 945 921 917 915
914 402 658 786 898 912 978 946 922 918 915
915 403 659 787 899 913 914 979 947 923 919
916 404 660 788 900 912 980 948 924 918 917
917 405 661 789 901 913 916 981 949 925 919
918 406 662 790 902 914 916 982 950 926 919
919 407 663 791 903 915 917 918 983 951 927
920 408 664 792 904 912 984 952 924 922 921
921 409 665 793 905 913 920 985 953 925 923
922 410 666 794 906 914 920 986 954 926 923
923 411 667 795 907 915 921 922 987 955 927
924 412 668 796 908 916 920 988 956 926 925
925 413 669 797 909 917 921 924 989 957 927
926 414 670 798 910 918 922 924 990 958 927
927 415 671 799 911 919 923 925 926 991 959
928 416 672 800 896 992 944 936 932 930 929
929 417 673 801 897 928 993 945 937 933 931
930 418 674 802 898 928 994 946 938 934 931
931 419 675 803 899 929 930 995 947 939 935
932 420 676 804 900 928 996 948 940 934 933
933 421 677 805 901 929 932 997 949 941 935
934 422 678 806 902 930 932 998 950 942 935
935 423 679 807 903 931 933 934 999 951 943
936 424 680 808 904 928 1000 952 940 938 937
937 425 681 809 905 929 936 1001 953 941 939
938 426 682 810 906 930 936 1002 954 942 939
939 427 683 811 907 931 937 938 1003 955 943
940 428 684 812 908 932 936 1004 956 942 941
941 429 685 813 909 933 937 940 1005 957 943
942 430 686 814 910 934 938 940 1006 958 943
943 431 687 815 911 935 939 941 942 1007 959
944 432 688 816 912 928 1008 952 948 946 945
945 433 689 817 913 929 944 1009 953 949 947
946 434 690 818 914 930 944 1010 954 950 947
947 435 691 819 915 931 945 946 1011 955 951
948 436 692 820 916 932 944 1012 956 950 949
949 437 693 821 917 933 945 948 1013 957 951
950 438 694 822 918 934 946 948 1014 958 951
951 439 695 823 919 935 947 949 950 1015 959
952 440 696 824 920 936 944 1016 956 954 953
953 441 697 825 921 937 945 952 1017 957 955
954 442 698 826 922 938 946 952 1018 958 955
955 443 699 827 923 939 947 953 954 1019 959
956 444 700 828 924 940 948 952 1020 958 957
957 445 701 829 925 941 949 953 956 1021 959
958 446 702 830 926 942 950 954 956 1022 959
959 447 703 831 927 943 951 955 957 958 1023
960 448 704 832 896 992 976 968 964 962 961
961 449 705 833 897 960 993 977 969 965 963
962 450 706 834 898 960 994 978 970 966 963
963 451 707 835 899 961 962 995 979 971 967
964 452 708 836 900 960 996 980 972 966 965
965 453 709 837 901 961 964 997 981 973 967
966 454 710 838 902 962 964 998 982 974 967
967 455 711 839 903 963 965 966 999 983 975
968 456 712 840 904 960 1000 984 972 970 969
969 457 713 841 905 961 968 1001 985 973 971
970 458 714 842 906 962 968 1002 986 974 971
971 459 715 843 907 963 969 970 1003 987 975
972 460 716 844 908 964 968 1004 988 974 973
973 461 717 845 909 965 969 972 1005 989 975
974 462 718 846 910 966 970 972 1006 990 975
975 463 719 847 911 967 971 973 974 1007 991
976 464 720 848 912 960 1008 984 980 978 977
977 465 721 849 913 961 976 1009 985 981 979
978 466 722 850 914 962 976 1010 986 982 979
979 467 723 851 915 963 977 978 1011 987 983
980 468 724 852 916 964 976 1012 988 982 981
981 469 725 853 917 965 977 980 1013 989 983
982 470 726 854 918 966 978 980 1014 990 983
983 471 727 855 919 967 979 981 982 1015 991
984 472 728 856 920 968 976 1016 988 986 985
985 473 729 857 921 969 977 984 1017 989 987
986 474 730 858 922 970 978 984 1018 990 987
987 475 731 859 923 971 979 985 986 1019 991
988 476 732 860 924 972 980 984 1020 990 989
989 477 733 861 925 973 981 985 988 1021 991
990 478 734 862 926 974 982 986 988 1022 991
991 479 735 863 927 975 983 987 989 990 1023
992 480 736 864 928 960 1008 1000 996 994 993
993 481 737 865 929 961 992 1009 1001 997 995
994 482 738 866 930 962 992 1010 1002 998 995
995 483 739 867 931 963 993 994 1011 1003 999
996 484 740 868 932 964 992 1012 1004 998 997
997 485 741 869 933 965 993 996 1013 1005 999
998 486 742 870 934 966 994 996 1014 1006 999
999 487 743 871 935 967 995 997 998 1015 1007
1000 488 744 872 936 968 992 1016 1004 1002 1001
1001 489 745 873 937 969 993 1000 1017 1005 1003
1002 490 746 874 938 970 994 1000 1018 1006 1003
1003 491 747 875 939 971 995 1001 1002 1019 1007
1004 492 748 876 940 972 996 1000 1020 1006 1005
1005 493 749 877 941 973 997 1001 1004 1021 1007
1006 494 750 878 942 974 998 1002 1004 1022 1007
1007 495 751 879 943 975 999 1003 1005 1006 1023
1008 496 752 880 944 976 992 1016 1012 1010 1009
1009 497 753 881 945 977 993 1008 1017 1013 1011
1010 498 754 882 946 978 994 1008 1018 1014 1011
1011 499 755 883 947 979 995 1009 1010 1019 1015
1012 500 756 884 948 980 996 1008 1020 1014 1013
1013 501 757 885 949 981 997 1009 1012 1021 1015
1014 502 758 886 950 982 998 1010 1012 1022 1015
1015 503 759 887 951 983 999 1011 1013 1014 1023
1016 504 760 888 952 984 1000 1008 1020 1018 1017
1017 505 761 889 953 985 1001 1009 1016 1021 1019
1018 506 762 890 954 986 1002 1010 1016 1022 1019
1019 507 763 891 955 987 1003 1011 1017 1018 1023
1020 508 764 892 956 988 1004 1012 1016 1022 1021
1021 509 765 893 957 989 1005 1013 1017 1020 1023
1022 510 766 894 958 990 1006 1014 1018 1020 1023
1023 511 767 895 959 991 1007 1015 1019 1021 1022