100 10
0 16 8 4 2 1
1 0 17 9 5 3
2 0 18 10 6 3
3 1 2 19 11 7
4 0 20 12 6 5
5 1 4 21 13 7
6 2 4 22 14 7
7 3 5 6 23 15
8 0 24 12 10 9
9 1 8 25 13 11
10 2 8 26 14 11
11 3 9 10 27 15
12 4 8 28 14 13
13 5 9 12 29 15
14 6 10 12 30 15
15 7 11 13 14 31
16 0 24 20 18 17
17 1 16 25 21 19
18 2 16 26 22 19
19 3 17 18 27 23
20 4 16 28 22 21
21 5 17 20 29 23
22 6 18 20 30 23
23 7 19 21 22 31
24 8 16 28 26 25
25 9 17 24 29 27
26 10 18 24 30 27
27 11 19 25 26 31
28 12 20 24 30 29
29 13 21 25 28 31
30 14 22 26 28 31
31 15 23 27 29 30