100 10
0 32 16 8 4 2 1
1 0 33 17 9 5 3
2 0 34 18 10 6 3
3 1 2 35 19 11 7
4 0 36 20 12 6 5
5 1 4 37 21 13 7
6 2 4 38 22 14 7
7 3 5 6 39 23 15
8 0 40 24 12 10 9
9 1 8 41 25 13 11
10 2 8 42 26 14 11
11 3 9 10 43 27 15
12 4 8 44 28 14 13
13 5 9 12 45 29 15
14 6 10 12 46 30 15
15 7 11 13 14 47 31
16 0 48 24 20 18 17
17 1 16 49 25 21 19
18 2 16 50 26 22 19
19 3 17 18 51 27 23
20 4 16 52 28 22 21
21 5 17 20 53 29 23
22 6 18 20 54 30 23
23 7 19 21 22 55 31
24 8 16 56 28 26 25
25 9 17 24 57 29 27
26 10 18 24 58 30 27
27 11 19 25 26 59 31
28 12 20 24 60 30 29
29 13 21 25 28 61 31
30 14 22 26 28 62 31
31 15 23 27 29 30 63
32 0 48 40 36 34 33
33 1 32 49 41 37 35
34 2 32 50 42 38 35
35 3 33 34 51 43 39
36 4 32 52 44 38 37
37 5 33 36 53 45 39
38 6 34 36 54 46 39
39 7 35 37 38 55 47
40 8 32 56 44 42 41
41 9 33 40 57 45 43
42 10 34 40 58 46 43
43 11 35 41 42 59 47
44 12 36 40 60 46 45
45 13 37 41 44 61 47
46 14 38 42 44 62 47
47 15 39 43 45 46 63
48 16 32 56 52 50 49
49 17 33 48 57 53 51
50 18 34 48 58 54 51
51 19 35 49 50 59 55
52 20 36 48 60 54 53
53 21 37 49 52 61 55
54 22 38 50 52 62 55
55 23 39 51 53 54 63
56 24 40 48 60 58 57
57 25 41 49 56 61 59
58 26 42 50 56 62 59
59 27 43 51 57 58 63
60 28 44 52 56 62 61
61 29 45 53 57 60 63
62 30 46 54 58 60 63
63 31 47 55 59 61 62